[3, 1, 0, 2]
{1: 1, 0: 1, -1: 1}
[[([(1, 2)], 1, 0)], [[1, 0, 1], [2, 0, 0], [3, 0, -1]]]
Endpoints of w-disk: 2, 3

[3, 1, 1, 1]
{1: 1, 0: 1, -1: 1}
[[([(1, 2)], 1, 0)], [[1, 0, 1], [2, 0, 0], [3, 0, -1]]]
Endpoints of w-disk: 2, 3

[3, 1, 1, 2]
{1: 1, 0: 1, -1: 1}
[[([(1, 2)], 1, 0)], [[1, 0, 0], [2, 0, -1], [3, 0, 1]]]
Endpoints of w-disk: 3, 4

[5, 1, 0, 3]
{2: 1, 1: 1, 0: 1, -1: 1, -2: 1}
[[([(1, 2)], 1, 0), ([(4, 5)], 1, 0)], [[1, 0, -1], [2, 0, -2], [3, 0, 2], [4, 0, 1], [5, 0, 0]]]
Endpoints of w-disk: 3, 4

[5, 1, 0, 4]
{2: 1, 1: 1, 0: 1, -1: 1, -2: 1}
[[([(1, 2)], 1, 0), ([(3, 4)], 1, 0)], [[1, 0, 2], [2, 0, 1], [3, 0, 0], [4, 0, -1], [5, 0, -2]]]
Endpoints of w-disk: 4, 5

[5, 1, 1, 2]
{3: 1, 2: 1, 0: 1, -2: 1, -3: 1}
[[([(1, 2)], 1, 0), ([(5, 3)], 2, 0)], [[1, 0, 3], [2, 0, 2], [3, 0, -2], [4, 0, -3], [5, 0, 0]]]
Endpoints of w-disk: 3, 4

[5, 1, 2, 2]
{3: 1, 2: 1, 0: 1, -2: 1, -3: 1}
[[([(1, 2)], 1, 0), ([(5, 3)], 2, 0)], [[1, 0, -2], [2, 0, -3], [3, 0, 0], [4, 0, 3], [5, 0, 2]]]
Endpoints of w-disk: 4, 5

[5, 1, 3, 1]
{2: 1, 1: 1, 0: 1, -1: 1, -2: 1}
[[([(1, 2)], 1, 0), ([(3, 4)], 1, 0)], [[1, 0, 2], [2, 0, 1], [3, 0, 0], [4, 0, -1], [5, 0, -2]]]
Endpoints of w-disk: 4, 5

[7, 1, 0, 6]
{3: 1, 2: 1, 1: 1, 0: 1, -1: 1, -2: 1, -3: 1}
[[([(1, 2)], 1, 0), ([(3, 4)], 1, 0), ([(5, 6)], 1, 0)], [[1, 0, 3], [2, 0, 2], [3, 0, 1], [4, 0, 0], [5, 0, -1], [6, 0, -2], [7, 0, -3]]]
Endpoints of w-disk: 6, 7

[7, 1, 1, 5]
{4: 1, 3: 1, 1: 1, 0: 1, -1: 1, -3: 1, -4: 1}
[[([(1, 2)], 1, 0), ([(4, 5)], 1, 0), ([(7, 3)], 2, 0)], [[1, 0, -3], [2, 0, -4], [3, 0, 1], [4, 0, 0], [5, 0, -1], [6, 0, 4], [7, 0, 3]]]
Endpoints of w-disk: 6, 7

[7, 1, 3, 2]
{6: 1, 5: 1, 2: 1, 0: 1, -2: 1, -5: 1, -6: 1}
[[([(1, 2)], 1, 0), ([(7, 3)], 2, 0), ([(6, 4)], 3, 0)], [[1, 0, -5], [2, 0, -6], [3, 0, -2], [4, 0, 2], [5, 0, 6], [6, 0, 5], [7, 0, 0]]]
Endpoints of w-disk: 5, 6

[7, 1, 4, 6]
{4: 1, 3: 1, 1: 1, 0: 1, -1: 1, -3: 1, -4: 1}
[[([(1, 2)], 1, 0), ([(5, 6)], 1, 0), ([(7, 3)], 2, 0)], [[1, 0, 4], [2, 0, 3], [3, 0, -3], [4, 0, -4], [5, 0, 1], [6, 0, 0], [7, 0, -1]]]
Endpoints of w-disk: 3, 4

[7, 1, 5, 1]
{3: 1, 2: 1, 1: 1, 0: 1, -1: 1, -2: 1, -3: 1}
[[([(1, 2)], 1, 0), ([(3, 4)], 1, 0), ([(5, 6)], 1, 0)], [[1, 0, 3], [2, 0, 2], [3, 0, 1], [4, 0, 0], [5, 0, -1], [6, 0, -2], [7, 0, -3]]]
Endpoints of w-disk: 6, 7

[7, 1, 5, 5]
{3: 1, 2: 1, 1: 1, 0: 1, -1: 1, -2: 1, -3: 1}
[[([(1, 2)], 1, 0), ([(6, 7)], 1, 0), ([(4, 5)], 1, 0)], [[1, 0, -2], [2, 0, -3], [3, 0, 3], [4, 0, 2], [5, 0, 1], [6, 0, 0], [7, 0, -1]]]
Endpoints of w-disk: 3, 4

[9, 1, 0, 8]
{4: 1, 3: 1, 2: 1, 1: 1, 0: 1, -1: 1, -2: 1, -3: 1, -4: 1}
[[([(1, 2)], 1, 0), ([(3, 4)], 1, 0), ([(5, 6)], 1, 0), ([(7, 8)], 1, 0)], [[1, 0, 4], [2, 0, 3], [3, 0, 2], [4, 0, 1], [5, 0, 0], [6, 0, -1], [7, 0, -2], [8, 0, -3], [9, 0, -4]]]
Endpoints of w-disk: 8, 9

[9, 1, 1, 6]
{6: 1, 5: 1, 3: 1, 2: 1, 0: 1, -2: 1, -3: 1, -5: 1, -6: 1}
[[([(1, 2)], 1, 0), ([(5, 6)], 1, 0), ([(9, 3)], 2, 0), ([(4, 7)], 2, 0)], [[1, 0, 6], [2, 0, 5], [3, 0, -2], [4, 0, -3], [5, 0, 3], [6, 0, 2], [7, 0, -5], [8, 0, -6], [9, 0, 0]]]
Endpoints of w-disk: 7, 8

[9, 1, 3, 5]
{5: 1, 4: 1, 2: 1, 1: 1, 0: 1, -1: 1, -2: 1, -4: 1, -5: 1}
[[([(1, 2)], 1, 0), ([(6, 7)], 1, 0), ([(4, 5)], 1, 0), ([(9, 3)], 2, 0)], [[1, 0, -4], [2, 0, -5], [3, 0, 2], [4, 0, 1], [5, 0, 0], [6, 0, -1], [7, 0, -2], [8, 0, 5], [9, 0, 4]]]
Endpoints of w-disk: 8, 9

[9, 1, 4, 8]
{5: 1, 4: 1, 2: 1, 1: 1, 0: 1, -1: 1, -2: 1, -4: 1, -5: 1}
[[([(1, 2)], 1, 0), ([(5, 6)], 1, 0), ([(7, 8)], 1, 0), ([(9, 3)], 2, 0)], [[1, 0, 5], [2, 0, 4], [3, 0, -4], [4, 0, -5], [5, 0, 2], [6, 0, 1], [7, 0, 0], [8, 0, -1], [9, 0, -2]]]
Endpoints of w-disk: 3, 4

[9, 1, 6, 7]
{6: 1, 5: 1, 3: 1, 2: 1, 0: 1, -2: 1, -3: 1, -5: 1, -6: 1}
[[([(1, 2)], 1, 0), ([(6, 7)], 1, 0), ([(9, 3)], 2, 0), ([(5, 8)], 2, 0)], [[1, 0, -5], [2, 0, -6], [3, 0, 0], [4, 0, 6], [5, 0, 5], [6, 0, -2], [7, 0, -3], [8, 0, 3], [9, 0, 2]]]
Endpoints of w-disk: 4, 5

[9, 1, 7, 1]
{4: 1, 3: 1, 2: 1, 1: 1, 0: 1, -1: 1, -2: 1, -3: 1, -4: 1}
[[([(1, 2)], 1, 0), ([(3, 4)], 1, 0), ([(5, 6)], 1, 0), ([(7, 8)], 1, 0)], [[1, 0, 4], [2, 0, 3], [3, 0, 2], [4, 0, 1], [5, 0, 0], [6, 0, -1], [7, 0, -2], [8, 0, -3], [9, 0, -4]]]
Endpoints of w-disk: 8, 9

[9, 1, 7, 5]
{4: 1, 3: 1, 2: 1, 1: 1, 0: 1, -1: 1, -2: 1, -3: 1, -4: 1}
[[([(1, 2)], 1, 0), ([(8, 9)], 1, 0), ([(6, 7)], 1, 0), ([(4, 5)], 1, 0)], [[1, 0, -3], [2, 0, -4], [3, 0, 4], [4, 0, 3], [5, 0, 2], [6, 0, 1], [7, 0, 0], [8, 0, -1], [9, 0, -2]]]
Endpoints of w-disk: 3, 4

[11, 1, 0, 10]
{5: 1, 4: 1, 3: 1, 2: 1, 1: 1, 0: 1, -1: 1, -2: 1, -3: 1, -4: 1, -5: 1}
[[([(1, 2)], 1, 0), ([(3, 4)], 1, 0), ([(5, 6)], 1, 0), ([(7, 8)], 1, 0), ([(9, 10)], 1, 0)], [[1, 0, 5], [2, 0, 4], [3, 0, 3], [4, 0, 2], [5, 0, 1], [6, 0, 0], [7, 0, -1], [8, 0, -2], [9, 0, -3], [10, 0, -4], [11, 0, -5]]]
Endpoints of w-disk: 10, 11

[11, 1, 2, 7]
{9: 1, 8: 1, 5: 1, 4: 1, 2: 1, 0: 1, -2: 1, -4: 1, -5: 1, -8: 1, -9: 1}
[[([(1, 2)], 1, 0), ([(6, 7)], 1, 0), ([(11, 3)], 2, 0), ([(5, 8)], 2, 0), ([(10, 4)], 3, 0)], [[1, 0, -8], [2, 0, -9], [3, 0, -2], [4, 0, 5], [5, 0, 4], [6, 0, -4], [7, 0, -5], [8, 0, 2], [9, 0, 9], [10, 0, 8], [11, 0, 0]]]
Endpoints of w-disk: 9, 10

[11, 1, 4, 10]
{6: 1, 5: 1, 3: 1, 2: 1, 1: 1, 0: 1, -1: 1, -2: 1, -3: 1, -5: 1, -6: 1}
[[([(1, 2)], 1, 0), ([(5, 6)], 1, 0), ([(7, 8)], 1, 0), ([(9, 10)], 1, 0), ([(11, 3)], 2, 0)], [[1, 0, 6], [2, 0, 5], [3, 0, -5], [4, 0, -6], [5, 0, 3], [6, 0, 2], [7, 0, 1], [8, 0, 0], [9, 0, -1], [10, 0, -2], [11, 0, -3]]]
Endpoints of w-disk: 3, 4

[11, 1, 5, 5]
{6: 1, 5: 1, 3: 1, 2: 1, 1: 1, 0: 1, -1: 1, -2: 1, -3: 1, -5: 1, -6: 1}
[[([(1, 2)], 1, 0), ([(8, 9)], 1, 0), ([(6, 7)], 1, 0), ([(4, 5)], 1, 0), ([(11, 3)], 2, 0)], [[1, 0, -5], [2, 0, -6], [3, 0, 3], [4, 0, 2], [5, 0, 1], [6, 0, 0], [7, 0, -1], [8, 0, -2], [9, 0, -3], [10, 0, 6], [11, 0, 5]]]
Endpoints of w-disk: 10, 11

[11, 1, 7, 8]
{9: 1, 8: 1, 5: 1, 4: 1, 2: 1, 0: 1, -2: 1, -4: 1, -5: 1, -8: 1, -9: 1}
[[([(1, 2)], 1, 0), ([(7, 8)], 1, 0), ([(11, 3)], 2, 0), ([(6, 9)], 2, 0), ([(10, 4)], 3, 0)], [[1, 0, 9], [2, 0, 8], [3, 0, 0], [4, 0, -8], [5, 0, -9], [6, 0, -2], [7, 0, 5], [8, 0, 4], [9, 0, -4], [10, 0, -5], [11, 0, 2]]]
Endpoints of w-disk: 4, 5

[11, 1, 8, 10]
{7: 1, 6: 1, 4: 1, 3: 1, 1: 1, 0: 1, -1: 1, -3: 1, -4: 1, -6: 1, -7: 1}
[[([(1, 2)], 1, 0), ([(5, 6)], 1, 0), ([(9, 10)], 1, 0), ([(11, 3)], 2, 0), ([(4, 7)], 2, 0)], [[1, 0, 7], [2, 0, 6], [3, 0, -3], [4, 0, -4], [5, 0, 4], [6, 0, 3], [7, 0, -6], [8, 0, -7], [9, 0, 1], [10, 0, 0], [11, 0, -1]]]
Endpoints of w-disk: 7, 8

[11, 1, 9, 1]
{5: 1, 4: 1, 3: 1, 2: 1, 1: 1, 0: 1, -1: 1, -2: 1, -3: 1, -4: 1, -5: 1}
[[([(1, 2)], 1, 0), ([(3, 4)], 1, 0), ([(5, 6)], 1, 0), ([(7, 8)], 1, 0), ([(9, 10)], 1, 0)], [[1, 0, 5], [2, 0, 4], [3, 0, 3], [4, 0, 2], [5, 0, 1], [6, 0, 0], [7, 0, -1], [8, 0, -2], [9, 0, -3], [10, 0, -4], [11, 0, -5]]]
Endpoints of w-disk: 10, 11

[11, 1, 9, 5]
{5: 1, 4: 1, 3: 1, 2: 1, 1: 1, 0: 1, -1: 1, -2: 1, -3: 1, -4: 1, -5: 1}
[[([(1, 2)], 1, 0), ([(10, 11)], 1, 0), ([(8, 9)], 1, 0), ([(6, 7)], 1, 0), ([(4, 5)], 1, 0)], [[1, 0, -4], [2, 0, -5], [3, 0, 5], [4, 0, 4], [5, 0, 3], [6, 0, 2], [7, 0, 1], [8, 0, 0], [9, 0, -1], [10, 0, -2], [11, 0, -3]]]
Endpoints of w-disk: 3, 4

[13, 1, 0, 12]
{6: 1, 5: 1, 4: 1, 3: 1, 2: 1, 1: 1, 0: 1, -1: 1, -2: 1, -3: 1, -4: 1, -5: 1, -6: 1}
[[([(1, 2)], 1, 0), ([(3, 4)], 1, 0), ([(5, 6)], 1, 0), ([(7, 8)], 1, 0), ([(9, 10)], 1, 0), ([(11, 12)], 1, 0)], [[1, 0, 6], [2, 0, 5], [3, 0, 4], [4, 0, 3], [5, 0, 2], [6, 0, 1], [7, 0, 0], [8, 0, -1], [9, 0, -2], [10, 0, -3], [11, 0, -4], [12, 0, -5], [13, 0, -6]]]
Endpoints of w-disk: 12, 13

[13, 1, 1, 10]
{9: 1, 8: 1, 6: 1, 5: 1, 3: 1, 2: 1, 0: 1, -2: 1, -3: 1, -5: 1, -6: 1, -8: 1, -9: 1}
[[([(1, 2)], 1, 0), ([(5, 6)], 1, 0), ([(9, 10)], 1, 0), ([(13, 3)], 2, 0), ([(4, 7)], 2, 0), ([(8, 11)], 2, 0)], [[1, 0, 9], [2, 0, 8], [3, 0, -2], [4, 0, -3], [5, 0, 6], [6, 0, 5], [7, 0, -5], [8, 0, -6], [9, 0, 3], [10, 0, 2], [11, 0, -8], [12, 0, -9], [13, 0, 0]]]
Endpoints of w-disk: 11, 12

[13, 1, 4, 12]
{7: 1, 6: 1, 4: 1, 3: 1, 2: 1, 1: 1, 0: 1, -1: 1, -2: 1, -3: 1, -4: 1, -6: 1, -7: 1}
[[([(1, 2)], 1, 0), ([(5, 6)], 1, 0), ([(7, 8)], 1, 0), ([(9, 10)], 1, 0), ([(11, 12)], 1, 0), ([(13, 3)], 2, 0)], [[1, 0, 7], [2, 0, 6], [3, 0, -6], [4, 0, -7], [5, 0, 4], [6, 0, 3], [7, 0, 2], [8, 0, 1], [9, 0, 0], [10, 0, -1], [11, 0, -2], [12, 0, -3], [13, 0, -4]]]
Endpoints of w-disk: 3, 4

[13, 1, 7, 5]
{7: 1, 6: 1, 4: 1, 3: 1, 2: 1, 1: 1, 0: 1, -1: 1, -2: 1, -3: 1, -4: 1, -6: 1, -7: 1}
[[([(1, 2)], 1, 0), ([(10, 11)], 1, 0), ([(8, 9)], 1, 0), ([(6, 7)], 1, 0), ([(4, 5)], 1, 0), ([(13, 3)], 2, 0)], [[1, 0, -6], [2, 0, -7], [3, 0, 4], [4, 0, 3], [5, 0, 2], [6, 0, 1], [7, 0, 0], [8, 0, -1], [9, 0, -2], [10, 0, -3], [11, 0, -4], [12, 0, 7], [13, 0, 6]]]
Endpoints of w-disk: 12, 13

[13, 1, 8, 12]
{8: 1, 7: 1, 5: 1, 4: 1, 2: 1, 1: 1, 0: 1, -1: 1, -2: 1, -4: 1, -5: 1, -7: 1, -8: 1}
[[([(1, 2)], 1, 0), ([(5, 6)], 1, 0), ([(9, 10)], 1, 0), ([(11, 12)], 1, 0), ([(13, 3)], 2, 0), ([(4, 7)], 2, 0)], [[1, 0, 8], [2, 0, 7], [3, 0, -4], [4, 0, -5], [5, 0, 5], [6, 0, 4], [7, 0, -7], [8, 0, -8], [9, 0, 2], [10, 0, 1], [11, 0, 0], [12, 0, -1], [13, 0, -2]]]
Endpoints of w-disk: 7, 8

[13, 1, 9, 9]
{12: 1, 11: 1, 8: 1, 7: 1, 4: 1, 2: 1, 0: 1, -2: 1, -4: 1, -7: 1, -8: 1, -11: 1, -12: 1}
[[([(1, 2)], 1, 0), ([(8, 9)], 1, 0), ([(13, 3)], 2, 0), ([(7, 10)], 2, 0), ([(12, 4)], 3, 0), ([(6, 11)], 3, 0)], [[1, 0, -11], [2, 0, -12], [3, 0, -4], [4, 0, 4], [5, 0, 12], [6, 0, 11], [7, 0, 2], [8, 0, -7], [9, 0, -8], [10, 0, 0], [11, 0, 8], [12, 0, 7], [13, 0, -2]]]
Endpoints of w-disk: 5, 6

[13, 1, 10, 7]
{9: 1, 8: 1, 6: 1, 5: 1, 3: 1, 2: 1, 0: 1, -2: 1, -3: 1, -5: 1, -6: 1, -8: 1, -9: 1}
[[([(1, 2)], 1, 0), ([(10, 11)], 1, 0), ([(6, 7)], 1, 0), ([(13, 3)], 2, 0), ([(9, 12)], 2, 0), ([(5, 8)], 2, 0)], [[1, 0, -8], [2, 0, -9], [3, 0, 0], [4, 0, 9], [5, 0, 8], [6, 0, -2], [7, 0, -3], [8, 0, 6], [9, 0, 5], [10, 0, -5], [11, 0, -6], [12, 0, 3], [13, 0, 2]]]
Endpoints of w-disk: 4, 5

[13, 1, 11, 1]
{6: 1, 5: 1, 4: 1, 3: 1, 2: 1, 1: 1, 0: 1, -1: 1, -2: 1, -3: 1, -4: 1, -5: 1, -6: 1}
[[([(1, 2)], 1, 0), ([(3, 4)], 1, 0), ([(5, 6)], 1, 0), ([(7, 8)], 1, 0), ([(9, 10)], 1, 0), ([(11, 12)], 1, 0)], [[1, 0, 6], [2, 0, 5], [3, 0, 4], [4, 0, 3], [5, 0, 2], [6, 0, 1], [7, 0, 0], [8, 0, -1], [9, 0, -2], [10, 0, -3], [11, 0, -4], [12, 0, -5], [13, 0, -6]]]
Endpoints of w-disk: 12, 13

[13, 1, 11, 5]
{6: 1, 5: 1, 4: 1, 3: 1, 2: 1, 1: 1, 0: 1, -1: 1, -2: 1, -3: 1, -4: 1, -5: 1, -6: 1}
[[([(1, 2)], 1, 0), ([(12, 13)], 1, 0), ([(10, 11)], 1, 0), ([(8, 9)], 1, 0), ([(6, 7)], 1, 0), ([(4, 5)], 1, 0)], [[1, 0, -5], [2, 0, -6], [3, 0, 6], [4, 0, 5], [5, 0, 4], [6, 0, 3], [7, 0, 2], [8, 0, 1], [9, 0, 0], [10, 0, -1], [11, 0, -2], [12, 0, -3], [13, 0, -4]]]
Endpoints of w-disk: 3, 4

[15, 1, 0, 14]
{7: 1, 6: 1, 5: 1, 4: 1, 3: 1, 2: 1, 1: 1, 0: 1, -1: 1, -2: 1, -3: 1, -4: 1, -5: 1, -6: 1, -7: 1}
[[([(1, 2)], 1, 0), ([(3, 4)], 1, 0), ([(5, 6)], 1, 0), ([(7, 8)], 1, 0), ([(9, 10)], 1, 0), ([(11, 12)], 1, 0), ([(13, 14)], 1, 0)], [[1, 0, 7], [2, 0, 6], [3, 0, 5], [4, 0, 4], [5, 0, 3], [6, 0, 2], [7, 0, 1], [8, 0, 0], [9, 0, -1], [10, 0, -2], [11, 0, -3], [12, 0, -4], [13, 0, -5], [14, 0, -6], [15, 0, -7]]]
Endpoints of w-disk: 14, 15

[15, 1, 4, 14]
{8: 1, 7: 1, 5: 1, 4: 1, 3: 1, 2: 1, 1: 1, 0: 1, -1: 1, -2: 1, -3: 1, -4: 1, -5: 1, -7: 1, -8: 1}
[[([(1, 2)], 1, 0), ([(5, 6)], 1, 0), ([(7, 8)], 1, 0), ([(9, 10)], 1, 0), ([(11, 12)], 1, 0), ([(13, 14)], 1, 0), ([(15, 3)], 2, 0)], [[1, 0, 8], [2, 0, 7], [3, 0, -7], [4, 0, -8], [5, 0, 5], [6, 0, 4], [7, 0, 3], [8, 0, 2], [9, 0, 1], [10, 0, 0], [11, 0, -1], [12, 0, -2], [13, 0, -3], [14, 0, -4], [15, 0, -5]]]
Endpoints of w-disk: 3, 4

[15, 1, 6, 7]
{12: 1, 11: 1, 8: 1, 7: 1, 5: 1, 4: 1, 2: 1, 0: 1, -2: 1, -4: 1, -5: 1, -7: 1, -8: 1, -11: 1, -12: 1}
[[([(1, 2)], 1, 0), ([(10, 11)], 1, 0), ([(6, 7)], 1, 0), ([(15, 3)], 2, 0), ([(9, 12)], 2, 0), ([(5, 8)], 2, 0), ([(14, 4)], 3, 0)], [[1, 0, -11], [2, 0, -12], [3, 0, -2], [4, 0, 8], [5, 0, 7], [6, 0, -4], [7, 0, -5], [8, 0, 5], [9, 0, 4], [10, 0, -7], [11, 0, -8], [12, 0, 2], [13, 0, 12], [14, 0, 11], [15, 0, 0]]]
Endpoints of w-disk: 13, 14

[15, 1, 7, 12]
{12: 1, 11: 1, 8: 1, 7: 1, 5: 1, 4: 1, 2: 1, 0: 1, -2: 1, -4: 1, -5: 1, -7: 1, -8: 1, -11: 1, -12: 1}
[[([(1, 2)], 1, 0), ([(7, 8)], 1, 0), ([(11, 12)], 1, 0), ([(15, 3)], 2, 0), ([(6, 9)], 2, 0), ([(10, 13)], 2, 0), ([(14, 4)], 3, 0)], [[1, 0, 12], [2, 0, 11], [3, 0, 0], [4, 0, -11], [5, 0, -12], [6, 0, -2], [7, 0, 8], [8, 0, 7], [9, 0, -4], [10, 0, -5], [11, 0, 5], [12, 0, 4], [13, 0, -7], [14, 0, -8], [15, 0, 2]]]
Endpoints of w-disk: 4, 5

[15, 1, 8, 14]
{9: 1, 8: 1, 6: 1, 5: 1, 3: 1, 2: 1, 1: 1, 0: 1, -1: 1, -2: 1, -3: 1, -5: 1, -6: 1, -8: 1, -9: 1}
[[([(1, 2)], 1, 0), ([(5, 6)], 1, 0), ([(9, 10)], 1, 0), ([(11, 12)], 1, 0), ([(13, 14)], 1, 0), ([(15, 3)], 2, 0), ([(4, 7)], 2, 0)], [[1, 0, 9], [2, 0, 8], [3, 0, -5], [4, 0, -6], [5, 0, 6], [6, 0, 5], [7, 0, -8], [8, 0, -9], [9, 0, 3], [10, 0, 2], [11, 0, 1], [12, 0, 0], [13, 0, -1], [14, 0, -2], [15, 0, -3]]]
Endpoints of w-disk: 7, 8

[15, 1, 9, 5]
{8: 1, 7: 1, 5: 1, 4: 1, 3: 1, 2: 1, 1: 1, 0: 1, -1: 1, -2: 1, -3: 1, -4: 1, -5: 1, -7: 1, -8: 1}
[[([(1, 2)], 1, 0), ([(12, 13)], 1, 0), ([(10, 11)], 1, 0), ([(8, 9)], 1, 0), ([(6, 7)], 1, 0), ([(4, 5)], 1, 0), ([(15, 3)], 2, 0)], [[1, 0, -7], [2, 0, -8], [3, 0, 5], [4, 0, 4], [5, 0, 3], [6, 0, 2], [7, 0, 1], [8, 0, 0], [9, 0, -1], [10, 0, -2], [11, 0, -3], [12, 0, -4], [13, 0, -5], [14, 0, 8], [15, 0, 7]]]
Endpoints of w-disk: 14, 15

[15, 1, 10, 10]
{16: 1, 15: 1, 11: 1, 10: 1, 7: 1, 5: 1, 2: 1, 0: 1, -2: 1, -5: 1, -7: 1, -10: 1, -11: 1, -15: 1, -16: 1}
[[([(1, 2)], 1, 0), ([(9, 10)], 1, 0), ([(15, 3)], 2, 0), ([(8, 11)], 2, 0), ([(14, 4)], 3, 0), ([(7, 12)], 3, 0), ([(13, 5)], 4, 0)], [[1, 0, 16], [2, 0, 15], [3, 0, 5], [4, 0, -5], [5, 0, -15], [6, 0, -16], [7, 0, -7], [8, 0, 2], [9, 0, 11], [10, 0, 10], [11, 0, 0], [12, 0, -10], [13, 0, -11], [14, 0, -2], [15, 0, 7]]]
Endpoints of w-disk: 5, 6

[15, 1, 12, 14]
{10: 1, 9: 1, 7: 1, 6: 1, 4: 1, 3: 1, 1: 1, 0: 1, -1: 1, -3: 1, -4: 1, -6: 1, -7: 1, -9: 1, -10: 1}
[[([(1, 2)], 1, 0), ([(5, 6)], 1, 0), ([(9, 10)], 1, 0), ([(13, 14)], 1, 0), ([(15, 3)], 2, 0), ([(4, 7)], 2, 0), ([(8, 11)], 2, 0)], [[1, 0, 10], [2, 0, 9], [3, 0, -3], [4, 0, -4], [5, 0, 7], [6, 0, 6], [7, 0, -6], [8, 0, -7], [9, 0, 4], [10, 0, 3], [11, 0, -9], [12, 0, -10], [13, 0, 1], [14, 0, 0], [15, 0, -1]]]
Endpoints of w-disk: 11, 12

[15, 1, 13, 1]
{7: 1, 6: 1, 5: 1, 4: 1, 3: 1, 2: 1, 1: 1, 0: 1, -1: 1, -2: 1, -3: 1, -4: 1, -5: 1, -6: 1, -7: 1}
[[([(1, 2)], 1, 0), ([(3, 4)], 1, 0), ([(5, 6)], 1, 0), ([(7, 8)], 1, 0), ([(9, 10)], 1, 0), ([(11, 12)], 1, 0), ([(13, 14)], 1, 0)], [[1, 0, 7], [2, 0, 6], [3, 0, 5], [4, 0, 4], [5, 0, 3], [6, 0, 2], [7, 0, 1], [8, 0, 0], [9, 0, -1], [10, 0, -2], [11, 0, -3], [12, 0, -4], [13, 0, -5], [14, 0, -6], [15, 0, -7]]]
Endpoints of w-disk: 14, 15

[15, 1, 13, 5]
{7: 1, 6: 1, 5: 1, 4: 1, 3: 1, 2: 1, 1: 1, 0: 1, -1: 1, -2: 1, -3: 1, -4: 1, -5: 1, -6: 1, -7: 1}
[[([(1, 2)], 1, 0), ([(14, 15)], 1, 0), ([(12, 13)], 1, 0), ([(10, 11)], 1, 0), ([(8, 9)], 1, 0), ([(6, 7)], 1, 0), ([(4, 5)], 1, 0)], [[1, 0, -6], [2, 0, -7], [3, 0, 7], [4, 0, 6], [5, 0, 5], [6, 0, 4], [7, 0, 3], [8, 0, 2], [9, 0, 1], [10, 0, 0], [11, 0, -1], [12, 0, -2], [13, 0, -3], [14, 0, -4], [15, 0, -5]]]
Endpoints of w-disk: 3, 4

[17, 1, 0, 16]
{8: 1, 7: 1, 6: 1, 5: 1, 4: 1, 3: 1, 2: 1, 1: 1, 0: 1, -1: 1, -2: 1, -3: 1, -4: 1, -5: 1, -6: 1, -7: 1, -8: 1}
[[([(1, 2)], 1, 0), ([(3, 4)], 1, 0), ([(5, 6)], 1, 0), ([(7, 8)], 1, 0), ([(9, 10)], 1, 0), ([(11, 12)], 1, 0), ([(13, 14)], 1, 0), ([(15, 16)], 1, 0)], [[1, 0, 8], [2, 0, 7], [3, 0, 6], [4, 0, 5], [5, 0, 4], [6, 0, 3], [7, 0, 2], [8, 0, 1], [9, 0, 0], [10, 0, -1], [11, 0, -2], [12, 0, -3], [13, 0, -4], [14, 0, -5], [15, 0, -6], [16, 0, -7], [17, 0, -8]]]
Endpoints of w-disk: 16, 17

[17, 1, 1, 14]
{12: 1, 11: 1, 9: 1, 8: 1, 6: 1, 5: 1, 3: 1, 2: 1, 0: 1, -2: 1, -3: 1, -5: 1, -6: 1, -8: 1, -9: 1, -11: 1, -12: 1}
[[([(1, 2)], 1, 0), ([(5, 6)], 1, 0), ([(9, 10)], 1, 0), ([(13, 14)], 1, 0), ([(17, 3)], 2, 0), ([(4, 7)], 2, 0), ([(8, 11)], 2, 0), ([(12, 15)], 2, 0)], [[1, 0, 12], [2, 0, 11], [3, 0, -2], [4, 0, -3], [5, 0, 9], [6, 0, 8], [7, 0, -5], [8, 0, -6], [9, 0, 6], [10, 0, 5], [11, 0, -8], [12, 0, -9], [13, 0, 3], [14, 0, 2], [15, 0, -11], [16, 0, -12], [17, 0, 0]]]
Endpoints of w-disk: 15, 16

[17, 1, 4, 16]
{9: 1, 8: 1, 6: 1, 5: 1, 4: 1, 3: 1, 2: 1, 1: 1, 0: 1, -1: 1, -2: 1, -3: 1, -4: 1, -5: 1, -6: 1, -8: 1, -9: 1}
[[([(1, 2)], 1, 0), ([(5, 6)], 1, 0), ([(7, 8)], 1, 0), ([(9, 10)], 1, 0), ([(11, 12)], 1, 0), ([(13, 14)], 1, 0), ([(15, 16)], 1, 0), ([(17, 3)], 2, 0)], [[1, 0, 9], [2, 0, 8], [3, 0, -8], [4, 0, -9], [5, 0, 6], [6, 0, 5], [7, 0, 4], [8, 0, 3], [9, 0, 2], [10, 0, 1], [11, 0, 0], [12, 0, -1], [13, 0, -2], [14, 0, -3], [15, 0, -4], [16, 0, -5], [17, 0, -6]]]
Endpoints of w-disk: 3, 4

[17, 1, 8, 16]
{10: 1, 9: 1, 7: 1, 6: 1, 4: 1, 3: 1, 2: 1, 1: 1, 0: 1, -1: 1, -2: 1, -3: 1, -4: 1, -6: 1, -7: 1, -9: 1, -10: 1}
[[([(1, 2)], 1, 0), ([(5, 6)], 1, 0), ([(9, 10)], 1, 0), ([(11, 12)], 1, 0), ([(13, 14)], 1, 0), ([(15, 16)], 1, 0), ([(17, 3)], 2, 0), ([(4, 7)], 2, 0)], [[1, 0, 10], [2, 0, 9], [3, 0, -6], [4, 0, -7], [5, 0, 7], [6, 0, 6], [7, 0, -9], [8, 0, -10], [9, 0, 4], [10, 0, 3], [11, 0, 2], [12, 0, 1], [13, 0, 0], [14, 0, -1], [15, 0, -2], [16, 0, -3], [17, 0, -4]]]
Endpoints of w-disk: 7, 8

[17, 1, 11, 5]
{9: 1, 8: 1, 6: 1, 5: 1, 4: 1, 3: 1, 2: 1, 1: 1, 0: 1, -1: 1, -2: 1, -3: 1, -4: 1, -5: 1, -6: 1, -8: 1, -9: 1}
[[([(1, 2)], 1, 0), ([(14, 15)], 1, 0), ([(12, 13)], 1, 0), ([(10, 11)], 1, 0), ([(8, 9)], 1, 0), ([(6, 7)], 1, 0), ([(4, 5)], 1, 0), ([(17, 3)], 2, 0)], [[1, 0, -8], [2, 0, -9], [3, 0, 6], [4, 0, 5], [5, 0, 4], [6, 0, 3], [7, 0, 2], [8, 0, 1], [9, 0, 0], [10, 0, -1], [11, 0, -2], [12, 0, -3], [13, 0, -4], [14, 0, -5], [15, 0, -6], [16, 0, 9], [17, 0, 8]]]
Endpoints of w-disk: 16, 17

[17, 1, 12, 11]
{20: 1, 19: 1, 15: 1, 14: 1, 10: 1, 8: 1, 5: 1, 3: 1, 0: 1, -3: 1, -5: 1, -8: 1, -10: 1, -14: 1, -15: 1, -19: 1, -20: 1}
[[([(1, 2)], 1, 0), ([(10, 11)], 1, 0), ([(17, 3)], 2, 0), ([(9, 12)], 2, 0), ([(16, 4)], 3, 0), ([(8, 13)], 3, 0), ([(15, 5)], 4, 0), ([(7, 14)], 4, 0)], [[1, 0, -19], [2, 0, -20], [3, 0, -10], [4, 0, 0], [5, 0, 10], [6, 0, 20], [7, 0, 19], [8, 0, 8], [9, 0, -3], [10, 0, -14], [11, 0, -15], [12, 0, -5], [13, 0, 5], [14, 0, 15], [15, 0, 14], [16, 0, 3], [17, 0, -8]]]
Endpoints of w-disk: 6, 7

[17, 1, 12, 16]
{11: 1, 10: 1, 8: 1, 7: 1, 5: 1, 4: 1, 2: 1, 1: 1, 0: 1, -1: 1, -2: 1, -4: 1, -5: 1, -7: 1, -8: 1, -10: 1, -11: 1}
[[([(1, 2)], 1, 0), ([(5, 6)], 1, 0), ([(9, 10)], 1, 0), ([(13, 14)], 1, 0), ([(15, 16)], 1, 0), ([(17, 3)], 2, 0), ([(4, 7)], 2, 0), ([(8, 11)], 2, 0)], [[1, 0, 11], [2, 0, 10], [3, 0, -4], [4, 0, -5], [5, 0, 8], [6, 0, 7], [7, 0, -7], [8, 0, -8], [9, 0, 5], [10, 0, 4], [11, 0, -10], [12, 0, -11], [13, 0, 2], [14, 0, 1], [15, 0, 0], [16, 0, -1], [17, 0, -2]]]
Endpoints of w-disk: 11, 12

[17, 1, 13, 14]
{15: 1, 14: 1, 11: 1, 10: 1, 7: 1, 6: 1, 4: 1, 2: 1, 0: 1, -2: 1, -4: 1, -6: 1, -7: 1, -10: 1, -11: 1, -14: 1, -15: 1}
[[([(1, 2)], 1, 0), ([(7, 8)], 1, 0), ([(13, 14)], 1, 0), ([(17, 3)], 2, 0), ([(6, 9)], 2, 0), ([(12, 15)], 2, 0), ([(16, 4)], 3, 0), ([(5, 10)], 3, 0)], [[1, 0, 15], [2, 0, 14], [3, 0, 2], [4, 0, -10], [5, 0, -11], [6, 0, 0], [7, 0, 11], [8, 0, 10], [9, 0, -2], [10, 0, -14], [11, 0, -15], [12, 0, -4], [13, 0, 7], [14, 0, 6], [15, 0, -6], [16, 0, -7], [17, 0, 4]]]
Endpoints of w-disk: 10, 11

[17, 1, 14, 7]
{12: 1, 11: 1, 9: 1, 8: 1, 6: 1, 5: 1, 3: 1, 2: 1, 0: 1, -2: 1, -3: 1, -5: 1, -6: 1, -8: 1, -9: 1, -11: 1, -12: 1}
[[([(1, 2)], 1, 0), ([(14, 15)], 1, 0), ([(10, 11)], 1, 0), ([(6, 7)], 1, 0), ([(17, 3)], 2, 0), ([(13, 16)], 2, 0), ([(9, 12)], 2, 0), ([(5, 8)], 2, 0)], [[1, 0, -11], [2, 0, -12], [3, 0, 0], [4, 0, 12], [5, 0, 11], [6, 0, -2], [7, 0, -3], [8, 0, 9], [9, 0, 8], [10, 0, -5], [11, 0, -6], [12, 0, 6], [13, 0, 5], [14, 0, -8], [15, 0, -9], [16, 0, 3], [17, 0, 2]]]
Endpoints of w-disk: 4, 5

[17, 1, 15, 1]
{8: 1, 7: 1, 6: 1, 5: 1, 4: 1, 3: 1, 2: 1, 1: 1, 0: 1, -1: 1, -2: 1, -3: 1, -4: 1, -5: 1, -6: 1, -7: 1, -8: 1}
[[([(1, 2)], 1, 0), ([(3, 4)], 1, 0), ([(5, 6)], 1, 0), ([(7, 8)], 1, 0), ([(9, 10)], 1, 0), ([(11, 12)], 1, 0), ([(13, 14)], 1, 0), ([(15, 16)], 1, 0)], [[1, 0, 8], [2, 0, 7], [3, 0, 6], [4, 0, 5], [5, 0, 4], [6, 0, 3], [7, 0, 2], [8, 0, 1], [9, 0, 0], [10, 0, -1], [11, 0, -2], [12, 0, -3], [13, 0, -4], [14, 0, -5], [15, 0, -6], [16, 0, -7], [17, 0, -8]]]
Endpoints of w-disk: 16, 17

[17, 1, 15, 5]
{8: 1, 7: 1, 6: 1, 5: 1, 4: 1, 3: 1, 2: 1, 1: 1, 0: 1, -1: 1, -2: 1, -3: 1, -4: 1, -5: 1, -6: 1, -7: 1, -8: 1}
[[([(1, 2)], 1, 0), ([(16, 17)], 1, 0), ([(14, 15)], 1, 0), ([(12, 13)], 1, 0), ([(10, 11)], 1, 0), ([(8, 9)], 1, 0), ([(6, 7)], 1, 0), ([(4, 5)], 1, 0)], [[1, 0, -7], [2, 0, -8], [3, 0, 8], [4, 0, 7], [5, 0, 6], [6, 0, 5], [7, 0, 4], [8, 0, 3], [9, 0, 2], [10, 0, 1], [11, 0, 0], [12, 0, -1], [13, 0, -2], [14, 0, -3], [15, 0, -4], [16, 0, -5], [17, 0, -6]]]
Endpoints of w-disk: 3, 4

[19, 1, 0, 18]
{9: 1, 8: 1, 7: 1, 6: 1, 5: 1, 4: 1, 3: 1, 2: 1, 1: 1, 0: 1, -1: 1, -2: 1, -3: 1, -4: 1, -5: 1, -6: 1, -7: 1, -8: 1, -9: 1}
[[([(1, 2)], 1, 0), ([(3, 4)], 1, 0), ([(5, 6)], 1, 0), ([(7, 8)], 1, 0), ([(9, 10)], 1, 0), ([(11, 12)], 1, 0), ([(13, 14)], 1, 0), ([(15, 16)], 1, 0), ([(17, 18)], 1, 0)], [[1, 0, 9], [2, 0, 8], [3, 0, 7], [4, 0, 6], [5, 0, 5], [6, 0, 4], [7, 0, 3], [8, 0, 2], [9, 0, 1], [10, 0, 0], [11, 0, -1], [12, 0, -2], [13, 0, -3], [14, 0, -4], [15, 0, -5], [16, 0, -6], [17, 0, -7], [18, 0, -8], [19, 0, -9]]]
Endpoints of w-disk: 18, 19

[19, 1, 4, 18]
{10: 1, 9: 1, 7: 1, 6: 1, 5: 1, 4: 1, 3: 1, 2: 1, 1: 1, 0: 1, -1: 1, -2: 1, -3: 1, -4: 1, -5: 1, -6: 1, -7: 1, -9: 1, -10: 1}
[[([(1, 2)], 1, 0), ([(5, 6)], 1, 0), ([(7, 8)], 1, 0), ([(9, 10)], 1, 0), ([(11, 12)], 1, 0), ([(13, 14)], 1, 0), ([(15, 16)], 1, 0), ([(17, 18)], 1, 0), ([(19, 3)], 2, 0)], [[1, 0, 10], [2, 0, 9], [3, 0, -9], [4, 0, -10], [5, 0, 7], [6, 0, 6], [7, 0, 5], [8, 0, 4], [9, 0, 3], [10, 0, 2], [11, 0, 1], [12, 0, 0], [13, 0, -1], [14, 0, -2], [15, 0, -3], [16, 0, -4], [17, 0, -5], [18, 0, -6], [19, 0, -7]]]
Endpoints of w-disk: 3, 4

[19, 1, 7, 16]
{15: 1, 14: 1, 11: 1, 10: 1, 8: 1, 7: 1, 5: 1, 4: 1, 2: 1, 0: 1, -2: 1, -4: 1, -5: 1, -7: 1, -8: 1, -10: 1, -11: 1, -14: 1, -15: 1}
[[([(1, 2)], 1, 0), ([(7, 8)], 1, 0), ([(11, 12)], 1, 0), ([(15, 16)], 1, 0), ([(19, 3)], 2, 0), ([(6, 9)], 2, 0), ([(10, 13)], 2, 0), ([(14, 17)], 2, 0), ([(18, 4)], 3, 0)], [[1, 0, 15], [2, 0, 14], [3, 0, 0], [4, 0, -14], [5, 0, -15], [6, 0, -2], [7, 0, 11], [8, 0, 10], [9, 0, -4], [10, 0, -5], [11, 0, 8], [12, 0, 7], [13, 0, -7], [14, 0, -8], [15, 0, 5], [16, 0, 4], [17, 0, -10], [18, 0, -11], [19, 0, 2]]]
Endpoints of w-disk: 4, 5

[19, 1, 8, 18]
{11: 1, 10: 1, 8: 1, 7: 1, 5: 1, 4: 1, 3: 1, 2: 1, 1: 1, 0: 1, -1: 1, -2: 1, -3: 1, -4: 1, -5: 1, -7: 1, -8: 1, -10: 1, -11: 1}
[[([(1, 2)], 1, 0), ([(5, 6)], 1, 0), ([(9, 10)], 1, 0), ([(11, 12)], 1, 0), ([(13, 14)], 1, 0), ([(15, 16)], 1, 0), ([(17, 18)], 1, 0), ([(19, 3)], 2, 0), ([(4, 7)], 2, 0)], [[1, 0, 11], [2, 0, 10], [3, 0, -7], [4, 0, -8], [5, 0, 8], [6, 0, 7], [7, 0, -10], [8, 0, -11], [9, 0, 5], [10, 0, 4], [11, 0, 3], [12, 0, 2], [13, 0, 1], [14, 0, 0], [15, 0, -1], [16, 0, -2], [17, 0, -3], [18, 0, -4], [19, 0, -5]]]
Endpoints of w-disk: 7, 8

[19, 1, 10, 7]
{15: 1, 14: 1, 11: 1, 10: 1, 8: 1, 7: 1, 5: 1, 4: 1, 2: 1, 0: 1, -2: 1, -4: 1, -5: 1, -7: 1, -8: 1, -10: 1, -11: 1, -14: 1, -15: 1}
[[([(1, 2)], 1, 0), ([(14, 15)], 1, 0), ([(10, 11)], 1, 0), ([(6, 7)], 1, 0), ([(19, 3)], 2, 0), ([(13, 16)], 2, 0), ([(9, 12)], 2, 0), ([(5, 8)], 2, 0), ([(18, 4)], 3, 0)], [[1, 0, -14], [2, 0, -15], [3, 0, -2], [4, 0, 11], [5, 0, 10], [6, 0, -4], [7, 0, -5], [8, 0, 8], [9, 0, 7], [10, 0, -7], [11, 0, -8], [12, 0, 5], [13, 0, 4], [14, 0, -10], [15, 0, -11], [16, 0, 2], [17, 0, 15], [18, 0, 14], [19, 0, 0]]]
Endpoints of w-disk: 17, 18

[19, 1, 12, 18]
{12: 1, 11: 1, 9: 1, 8: 1, 6: 1, 5: 1, 3: 1, 2: 1, 1: 1, 0: 1, -1: 1, -2: 1, -3: 1, -5: 1, -6: 1, -8: 1, -9: 1, -11: 1, -12: 1}
[[([(1, 2)], 1, 0), ([(5, 6)], 1, 0), ([(9, 10)], 1, 0), ([(13, 14)], 1, 0), ([(15, 16)], 1, 0), ([(17, 18)], 1, 0), ([(19, 3)], 2, 0), ([(4, 7)], 2, 0), ([(8, 11)], 2, 0)], [[1, 0, 12], [2, 0, 11], [3, 0, -5], [4, 0, -6], [5, 0, 9], [6, 0, 8], [7, 0, -8], [8, 0, -9], [9, 0, 6], [10, 0, 5], [11, 0, -11], [12, 0, -12], [13, 0, 3], [14, 0, 2], [15, 0, 1], [16, 0, 0], [17, 0, -1], [18, 0, -2], [19, 0, -3]]]
Endpoints of w-disk: 11, 12

[19, 1, 13, 5]
{10: 1, 9: 1, 7: 1, 6: 1, 5: 1, 4: 1, 3: 1, 2: 1, 1: 1, 0: 1, -1: 1, -2: 1, -3: 1, -4: 1, -5: 1, -6: 1, -7: 1, -9: 1, -10: 1}
[[([(1, 2)], 1, 0), ([(16, 17)], 1, 0), ([(14, 15)], 1, 0), ([(12, 13)], 1, 0), ([(10, 11)], 1, 0), ([(8, 9)], 1, 0), ([(6, 7)], 1, 0), ([(4, 5)], 1, 0), ([(19, 3)], 2, 0)], [[1, 0, -9], [2, 0, -10], [3, 0, 7], [4, 0, 6], [5, 0, 5], [6, 0, 4], [7, 0, 3], [8, 0, 2], [9, 0, 1], [10, 0, 0], [11, 0, -1], [12, 0, -2], [13, 0, -3], [14, 0, -4], [15, 0, -5], [16, 0, -6], [17, 0, -7], [18, 0, 10], [19, 0, 9]]]
Endpoints of w-disk: 18, 19

[19, 1, 13, 12]
{25: 1, 24: 1, 19: 1, 18: 1, 14: 1, 12: 1, 8: 1, 6: 1, 3: 1, 0: 1, -3: 1, -6: 1, -8: 1, -12: 1, -14: 1, -18: 1, -19: 1, -24: 1, -25: 1}
[[([(1, 2)], 1, 0), ([(11, 12)], 1, 0), ([(19, 3)], 2, 0), ([(10, 13)], 2, 0), ([(18, 4)], 3, 0), ([(9, 14)], 3, 0), ([(17, 5)], 4, 0), ([(8, 15)], 4, 0), ([(16, 6)], 5, 0)], [[1, 0, 25], [2, 0, 24], [3, 0, 12], [4, 0, 0], [5, 0, -12], [6, 0, -24], [7, 0, -25], [8, 0, -14], [9, 0, -3], [10, 0, 8], [11, 0, 19], [12, 0, 18], [13, 0, 6], [14, 0, -6], [15, 0, -18], [16, 0, -19], [17, 0, -8], [18, 0, 3], [19, 0, 14]]]
Endpoints of w-disk: 6, 7

[19, 1, 15, 9]
{18: 1, 17: 1, 14: 1, 13: 1, 10: 1, 9: 1, 6: 1, 4: 1, 2: 1, 0: 1, -2: 1, -4: 1, -6: 1, -9: 1, -10: 1, -13: 1, -14: 1, -17: 1, -18: 1}
[[([(1, 2)], 1, 0), ([(14, 15)], 1, 0), ([(8, 9)], 1, 0), ([(19, 3)], 2, 0), ([(13, 16)], 2, 0), ([(7, 10)], 2, 0), ([(18, 4)], 3, 0), ([(12, 17)], 3, 0), ([(6, 11)], 3, 0)], [[1, 0, -17], [2, 0, -18], [3, 0, -6], [4, 0, 6], [5, 0, 18], [6, 0, 17], [7, 0, 4], [8, 0, -9], [9, 0, -10], [10, 0, 2], [11, 0, 14], [12, 0, 13], [13, 0, 0], [14, 0, -13], [15, 0, -14], [16, 0, -2], [17, 0, 10], [18, 0, 9], [19, 0, -4]]]
Endpoints of w-disk: 5, 6

[19, 1, 16, 18]
{13: 1, 12: 1, 10: 1, 9: 1, 7: 1, 6: 1, 4: 1, 3: 1, 1: 1, 0: 1, -1: 1, -3: 1, -4: 1, -6: 1, -7: 1, -9: 1, -10: 1, -12: 1, -13: 1}
[[([(1, 2)], 1, 0), ([(5, 6)], 1, 0), ([(9, 10)], 1, 0), ([(13, 14)], 1, 0), ([(17, 18)], 1, 0), ([(19, 3)], 2, 0), ([(4, 7)], 2, 0), ([(8, 11)], 2, 0), ([(12, 15)], 2, 0)], [[1, 0, 13], [2, 0, 12], [3, 0, -3], [4, 0, -4], [5, 0, 10], [6, 0, 9], [7, 0, -6], [8, 0, -7], [9, 0, 7], [10, 0, 6], [11, 0, -9], [12, 0, -10], [13, 0, 4], [14, 0, 3], [15, 0, -12], [16, 0, -13], [17, 0, 1], [18, 0, 0], [19, 0, -1]]]
Endpoints of w-disk: 15, 16

[19, 1, 17, 1]
{9: 1, 8: 1, 7: 1, 6: 1, 5: 1, 4: 1, 3: 1, 2: 1, 1: 1, 0: 1, -1: 1, -2: 1, -3: 1, -4: 1, -5: 1, -6: 1, -7: 1, -8: 1, -9: 1}
[[([(1, 2)], 1, 0), ([(3, 4)], 1, 0), ([(5, 6)], 1, 0), ([(7, 8)], 1, 0), ([(9, 10)], 1, 0), ([(11, 12)], 1, 0), ([(13, 14)], 1, 0), ([(15, 16)], 1, 0), ([(17, 18)], 1, 0)], [[1, 0, 9], [2, 0, 8], [3, 0, 7], [4, 0, 6], [5, 0, 5], [6, 0, 4], [7, 0, 3], [8, 0, 2], [9, 0, 1], [10, 0, 0], [11, 0, -1], [12, 0, -2], [13, 0, -3], [14, 0, -4], [15, 0, -5], [16, 0, -6], [17, 0, -7], [18, 0, -8], [19, 0, -9]]]
Endpoints of w-disk: 18, 19

[19, 1, 17, 5]
{9: 1, 8: 1, 7: 1, 6: 1, 5: 1, 4: 1, 3: 1, 2: 1, 1: 1, 0: 1, -1: 1, -2: 1, -3: 1, -4: 1, -5: 1, -6: 1, -7: 1, -8: 1, -9: 1}
[[([(1, 2)], 1, 0), ([(18, 19)], 1, 0), ([(16, 17)], 1, 0), ([(14, 15)], 1, 0), ([(12, 13)], 1, 0), ([(10, 11)], 1, 0), ([(8, 9)], 1, 0), ([(6, 7)], 1, 0), ([(4, 5)], 1, 0)], [[1, 0, -8], [2, 0, -9], [3, 0, 9], [4, 0, 8], [5, 0, 7], [6, 0, 6], [7, 0, 5], [8, 0, 4], [9, 0, 3], [10, 0, 2], [11, 0, 1], [12, 0, 0], [13, 0, -1], [14, 0, -2], [15, 0, -3], [16, 0, -4], [17, 0, -5], [18, 0, -6], [19, 0, -7]]]
Endpoints of w-disk: 3, 4

[21, 1, 0, 20]
{10: 1, 9: 1, 8: 1, 7: 1, 6: 1, 5: 1, 4: 1, 3: 1, 2: 1, 1: 1, 0: 1, -1: 1, -2: 1, -3: 1, -4: 1, -5: 1, -6: 1, -7: 1, -8: 1, -9: 1, -10: 1}
[[([(1, 2)], 1, 0), ([(3, 4)], 1, 0), ([(5, 6)], 1, 0), ([(7, 8)], 1, 0), ([(9, 10)], 1, 0), ([(11, 12)], 1, 0), ([(13, 14)], 1, 0), ([(15, 16)], 1, 0), ([(17, 18)], 1, 0), ([(19, 20)], 1, 0)], [[1, 0, 10], [2, 0, 9], [3, 0, 8], [4, 0, 7], [5, 0, 6], [6, 0, 5], [7, 0, 4], [8, 0, 3], [9, 0, 2], [10, 0, 1], [11, 0, 0], [12, 0, -1], [13, 0, -2], [14, 0, -3], [15, 0, -4], [16, 0, -5], [17, 0, -6], [18, 0, -7], [19, 0, -8], [20, 0, -9], [21, 0, -10]]]
Endpoints of w-disk: 20, 21

[21, 1, 1, 18]
{15: 1, 14: 1, 12: 1, 11: 1, 9: 1, 8: 1, 6: 1, 5: 1, 3: 1, 2: 1, 0: 1, -2: 1, -3: 1, -5: 1, -6: 1, -8: 1, -9: 1, -11: 1, -12: 1, -14: 1, -15: 1}
[[([(1, 2)], 1, 0), ([(5, 6)], 1, 0), ([(9, 10)], 1, 0), ([(13, 14)], 1, 0), ([(17, 18)], 1, 0), ([(21, 3)], 2, 0), ([(4, 7)], 2, 0), ([(8, 11)], 2, 0), ([(12, 15)], 2, 0), ([(16, 19)], 2, 0)], [[1, 0, 15], [2, 0, 14], [3, 0, -2], [4, 0, -3], [5, 0, 12], [6, 0, 11], [7, 0, -5], [8, 0, -6], [9, 0, 9], [10, 0, 8], [11, 0, -8], [12, 0, -9], [13, 0, 6], [14, 0, 5], [15, 0, -11], [16, 0, -12], [17, 0, 3], [18, 0, 2], [19, 0, -14], [20, 0, -15], [21, 0, 0]]]
Endpoints of w-disk: 19, 20

[21, 1, 4, 20]
{11: 1, 10: 1, 8: 1, 7: 1, 6: 1, 5: 1, 4: 1, 3: 1, 2: 1, 1: 1, 0: 1, -1: 1, -2: 1, -3: 1, -4: 1, -5: 1, -6: 1, -7: 1, -8: 1, -10: 1, -11: 1}
[[([(1, 2)], 1, 0), ([(5, 6)], 1, 0), ([(7, 8)], 1, 0), ([(9, 10)], 1, 0), ([(11, 12)], 1, 0), ([(13, 14)], 1, 0), ([(15, 16)], 1, 0), ([(17, 18)], 1, 0), ([(19, 20)], 1, 0), ([(21, 3)], 2, 0)], [[1, 0, 11], [2, 0, 10], [3, 0, -10], [4, 0, -11], [5, 0, 8], [6, 0, 7], [7, 0, 6], [8, 0, 5], [9, 0, 4], [10, 0, 3], [11, 0, 2], [12, 0, 1], [13, 0, 0], [14, 0, -1], [15, 0, -2], [16, 0, -3], [17, 0, -4], [18, 0, -5], [19, 0, -6], [20, 0, -7], [21, 0, -8]]]
Endpoints of w-disk: 3, 4

[21, 1, 8, 20]
{12: 1, 11: 1, 9: 1, 8: 1, 6: 1, 5: 1, 4: 1, 3: 1, 2: 1, 1: 1, 0: 1, -1: 1, -2: 1, -3: 1, -4: 1, -5: 1, -6: 1, -8: 1, -9: 1, -11: 1, -12: 1}
[[([(1, 2)], 1, 0), ([(5, 6)], 1, 0), ([(9, 10)], 1, 0), ([(11, 12)], 1, 0), ([(13, 14)], 1, 0), ([(15, 16)], 1, 0), ([(17, 18)], 1, 0), ([(19, 20)], 1, 0), ([(21, 3)], 2, 0), ([(4, 7)], 2, 0)], [[1, 0, 12], [2, 0, 11], [3, 0, -8], [4, 0, -9], [5, 0, 9], [6, 0, 8], [7, 0, -11], [8, 0, -12], [9, 0, 6], [10, 0, 5], [11, 0, 4], [12, 0, 3], [13, 0, 2], [14, 0, 1], [15, 0, 0], [16, 0, -1], [17, 0, -2], [18, 0, -3], [19, 0, -4], [20, 0, -5], [21, 0, -6]]]
Endpoints of w-disk: 7, 8

[21, 1, 10, 16]
{22: 1, 21: 1, 17: 1, 16: 1, 13: 1, 12: 1, 9: 1, 7: 1, 4: 1, 2: 1, 0: 1, -2: 1, -4: 1, -7: 1, -9: 1, -12: 1, -13: 1, -16: 1, -17: 1, -21: 1, -22: 1}
[[([(1, 2)], 1, 0), ([(9, 10)], 1, 0), ([(15, 16)], 1, 0), ([(21, 3)], 2, 0), ([(8, 11)], 2, 0), ([(14, 17)], 2, 0), ([(20, 4)], 3, 0), ([(7, 12)], 3, 0), ([(13, 18)], 3, 0), ([(19, 5)], 4, 0)], [[1, 0, 22], [2, 0, 21], [3, 0, 7], [4, 0, -7], [5, 0, -21], [6, 0, -22], [7, 0, -9], [8, 0, 4], [9, 0, 17], [10, 0, 16], [11, 0, 2], [12, 0, -12], [13, 0, -13], [14, 0, 0], [15, 0, 13], [16, 0, 12], [17, 0, -2], [18, 0, -16], [19, 0, -17], [20, 0, -4], [21, 0, 9]]]
Endpoints of w-disk: 5, 6

[21, 1, 12, 20]
{13: 1, 12: 1, 10: 1, 9: 1, 7: 1, 6: 1, 4: 1, 3: 1, 2: 1, 1: 1, 0: 1, -1: 1, -2: 1, -3: 1, -4: 1, -6: 1, -7: 1, -9: 1, -10: 1, -12: 1, -13: 1}
[[([(1, 2)], 1, 0), ([(5, 6)], 1, 0), ([(9, 10)], 1, 0), ([(13, 14)], 1, 0), ([(15, 16)], 1, 0), ([(17, 18)], 1, 0), ([(19, 20)], 1, 0), ([(21, 3)], 2, 0), ([(4, 7)], 2, 0), ([(8, 11)], 2, 0)], [[1, 0, 13], [2, 0, 12], [3, 0, -6], [4, 0, -7], [5, 0, 10], [6, 0, 9], [7, 0, -9], [8, 0, -10], [9, 0, 7], [10, 0, 6], [11, 0, -12], [12, 0, -13], [13, 0, 4], [14, 0, 3], [15, 0, 2], [16, 0, 1], [17, 0, 0], [18, 0, -1], [19, 0, -2], [20, 0, -3], [21, 0, -4]]]
Endpoints of w-disk: 11, 12

[21, 1, 13, 18]
{18: 1, 17: 1, 14: 1, 13: 1, 10: 1, 9: 1, 7: 1, 6: 1, 4: 1, 2: 1, 0: 1, -2: 1, -4: 1, -6: 1, -7: 1, -9: 1, -10: 1, -13: 1, -14: 1, -17: 1, -18: 1}
[[([(1, 2)], 1, 0), ([(7, 8)], 1, 0), ([(13, 14)], 1, 0), ([(17, 18)], 1, 0), ([(21, 3)], 2, 0), ([(6, 9)], 2, 0), ([(12, 15)], 2, 0), ([(16, 19)], 2, 0), ([(20, 4)], 3, 0), ([(5, 10)], 3, 0)], [[1, 0, 18], [2, 0, 17], [3, 0, 2], [4, 0, -13], [5, 0, -14], [6, 0, 0], [7, 0, 14], [8, 0, 13], [9, 0, -2], [10, 0, -17], [11, 0, -18], [12, 0, -4], [13, 0, 10], [14, 0, 9], [15, 0, -6], [16, 0, -7], [17, 0, 7], [18, 0, 6], [19, 0, -9], [20, 0, -10], [21, 0, 4]]]
Endpoints of w-disk: 10, 11

[21, 1, 15, 5]
{11: 1, 10: 1, 8: 1, 7: 1, 6: 1, 5: 1, 4: 1, 3: 1, 2: 1, 1: 1, 0: 1, -1: 1, -2: 1, -3: 1, -4: 1, -5: 1, -6: 1, -7: 1, -8: 1, -10: 1, -11: 1}
[[([(1, 2)], 1, 0), ([(18, 19)], 1, 0), ([(16, 17)], 1, 0), ([(14, 15)], 1, 0), ([(12, 13)], 1, 0), ([(10, 11)], 1, 0), ([(8, 9)], 1, 0), ([(6, 7)], 1, 0), ([(4, 5)], 1, 0), ([(21, 3)], 2, 0)], [[1, 0, -10], [2, 0, -11], [3, 0, 8], [4, 0, 7], [5, 0, 6], [6, 0, 5], [7, 0, 4], [8, 0, 3], [9, 0, 2], [10, 0, 1], [11, 0, 0], [12, 0, -1], [13, 0, -2], [14, 0, -3], [15, 0, -4], [16, 0, -5], [17, 0, -6], [18, 0, -7], [19, 0, -8], [20, 0, 11], [21, 0, 10]]]
Endpoints of w-disk: 20, 21

[21, 1, 15, 13]
{30: 1, 29: 1, 24: 1, 23: 1, 18: 1, 16: 1, 12: 1, 10: 1, 6: 1, 3: 1, 0: 1, -3: 1, -6: 1, -10: 1, -12: 1, -16: 1, -18: 1, -23: 1, -24: 1, -29: 1, -30: 1}
[[([(1, 2)], 1, 0), ([(12, 13)], 1, 0), ([(21, 3)], 2, 0), ([(11, 14)], 2, 0), ([(20, 4)], 3, 0), ([(10, 15)], 3, 0), ([(19, 5)], 4, 0), ([(9, 16)], 4, 0), ([(18, 6)], 5, 0), ([(8, 17)], 5, 0)], [[1, 0, -29], [2, 0, -30], [3, 0, -18], [4, 0, -6], [5, 0, 6], [6, 0, 18], [7, 0, 30], [8, 0, 29], [9, 0, 16], [10, 0, 3], [11, 0, -10], [12, 0, -23], [13, 0, -24], [14, 0, -12], [15, 0, 0], [16, 0, 12], [17, 0, 24], [18, 0, 23], [19, 0, 10], [20, 0, -3], [21, 0, -16]]]
Endpoints of w-disk: 7, 8

[21, 1, 16, 20]
{14: 1, 13: 1, 11: 1, 10: 1, 8: 1, 7: 1, 5: 1, 4: 1, 2: 1, 1: 1, 0: 1, -1: 1, -2: 1, -4: 1, -5: 1, -7: 1, -8: 1, -10: 1, -11: 1, -13: 1, -14: 1}
[[([(1, 2)], 1, 0), ([(5, 6)], 1, 0), ([(9, 10)], 1, 0), ([(13, 14)], 1, 0), ([(17, 18)], 1, 0), ([(19, 20)], 1, 0), ([(21, 3)], 2, 0), ([(4, 7)], 2, 0), ([(8, 11)], 2, 0), ([(12, 15)], 2, 0)], [[1, 0, 14], [2, 0, 13], [3, 0, -4], [4, 0, -5], [5, 0, 11], [6, 0, 10], [7, 0, -7], [8, 0, -8], [9, 0, 8], [10, 0, 7], [11, 0, -10], [12, 0, -11], [13, 0, 5], [14, 0, 4], [15, 0, -13], [16, 0, -14], [17, 0, 2], [18, 0, 1], [19, 0, 0], [20, 0, -1], [21, 0, -2]]]
Endpoints of w-disk: 15, 16

[21, 1, 18, 7]
{15: 1, 14: 1, 12: 1, 11: 1, 9: 1, 8: 1, 6: 1, 5: 1, 3: 1, 2: 1, 0: 1, -2: 1, -3: 1, -5: 1, -6: 1, -8: 1, -9: 1, -11: 1, -12: 1, -14: 1, -15: 1}
[[([(1, 2)], 1, 0), ([(18, 19)], 1, 0), ([(14, 15)], 1, 0), ([(10, 11)], 1, 0), ([(6, 7)], 1, 0), ([(21, 3)], 2, 0), ([(17, 20)], 2, 0), ([(13, 16)], 2, 0), ([(9, 12)], 2, 0), ([(5, 8)], 2, 0)], [[1, 0, -14], [2, 0, -15], [3, 0, 0], [4, 0, 15], [5, 0, 14], [6, 0, -2], [7, 0, -3], [8, 0, 12], [9, 0, 11], [10, 0, -5], [11, 0, -6], [12, 0, 9], [13, 0, 8], [14, 0, -8], [15, 0, -9], [16, 0, 6], [17, 0, 5], [18, 0, -11], [19, 0, -12], [20, 0, 3], [21, 0, 2]]]
Endpoints of w-disk: 4, 5

[21, 1, 19, 1]
{10: 1, 9: 1, 8: 1, 7: 1, 6: 1, 5: 1, 4: 1, 3: 1, 2: 1, 1: 1, 0: 1, -1: 1, -2: 1, -3: 1, -4: 1, -5: 1, -6: 1, -7: 1, -8: 1, -9: 1, -10: 1}
[[([(1, 2)], 1, 0), ([(3, 4)], 1, 0), ([(5, 6)], 1, 0), ([(7, 8)], 1, 0), ([(9, 10)], 1, 0), ([(11, 12)], 1, 0), ([(13, 14)], 1, 0), ([(15, 16)], 1, 0), ([(17, 18)], 1, 0), ([(19, 20)], 1, 0)], [[1, 0, 10], [2, 0, 9], [3, 0, 8], [4, 0, 7], [5, 0, 6], [6, 0, 5], [7, 0, 4], [8, 0, 3], [9, 0, 2], [10, 0, 1], [11, 0, 0], [12, 0, -1], [13, 0, -2], [14, 0, -3], [15, 0, -4], [16, 0, -5], [17, 0, -6], [18, 0, -7], [19, 0, -8], [20, 0, -9], [21, 0, -10]]]
Endpoints of w-disk: 20, 21

[21, 1, 19, 5]
{10: 1, 9: 1, 8: 1, 7: 1, 6: 1, 5: 1, 4: 1, 3: 1, 2: 1, 1: 1, 0: 1, -1: 1, -2: 1, -3: 1, -4: 1, -5: 1, -6: 1, -7: 1, -8: 1, -9: 1, -10: 1}
[[([(1, 2)], 1, 0), ([(20, 21)], 1, 0), ([(18, 19)], 1, 0), ([(16, 17)], 1, 0), ([(14, 15)], 1, 0), ([(12, 13)], 1, 0), ([(10, 11)], 1, 0), ([(8, 9)], 1, 0), ([(6, 7)], 1, 0), ([(4, 5)], 1, 0)], [[1, 0, -9], [2, 0, -10], [3, 0, 10], [4, 0, 9], [5, 0, 8], [6, 0, 7], [7, 0, 6], [8, 0, 5], [9, 0, 4], [10, 0, 3], [11, 0, 2], [12, 0, 1], [13, 0, 0], [14, 0, -1], [15, 0, -2], [16, 0, -3], [17, 0, -4], [18, 0, -5], [19, 0, -6], [20, 0, -7], [21, 0, -8]]]
Endpoints of w-disk: 3, 4

[23, 1, 0, 22]
{11: 1, 10: 1, 9: 1, 8: 1, 7: 1, 6: 1, 5: 1, 4: 1, 3: 1, 2: 1, 1: 1, 0: 1, -1: 1, -2: 1, -3: 1, -4: 1, -5: 1, -6: 1, -7: 1, -8: 1, -9: 1, -10: 1, -11: 1}
[[([(1, 2)], 1, 0), ([(3, 4)], 1, 0), ([(5, 6)], 1, 0), ([(7, 8)], 1, 0), ([(9, 10)], 1, 0), ([(11, 12)], 1, 0), ([(13, 14)], 1, 0), ([(15, 16)], 1, 0), ([(17, 18)], 1, 0), ([(19, 20)], 1, 0), ([(21, 22)], 1, 0)], [[1, 0, 11], [2, 0, 10], [3, 0, 9], [4, 0, 8], [5, 0, 7], [6, 0, 6], [7, 0, 5], [8, 0, 4], [9, 0, 3], [10, 0, 2], [11, 0, 1], [12, 0, 0], [13, 0, -1], [14, 0, -2], [15, 0, -3], [16, 0, -4], [17, 0, -5], [18, 0, -6], [19, 0, -7], [20, 0, -8], [21, 0, -9], [22, 0, -10], [23, 0, -11]]]
Endpoints of w-disk: 22, 23

[23, 1, 4, 22]
{12: 1, 11: 1, 9: 1, 8: 1, 7: 1, 6: 1, 5: 1, 4: 1, 3: 1, 2: 1, 1: 1, 0: 1, -1: 1, -2: 1, -3: 1, -4: 1, -5: 1, -6: 1, -7: 1, -8: 1, -9: 1, -11: 1, -12: 1}
[[([(1, 2)], 1, 0), ([(5, 6)], 1, 0), ([(7, 8)], 1, 0), ([(9, 10)], 1, 0), ([(11, 12)], 1, 0), ([(13, 14)], 1, 0), ([(15, 16)], 1, 0), ([(17, 18)], 1, 0), ([(19, 20)], 1, 0), ([(21, 22)], 1, 0), ([(23, 3)], 2, 0)], [[1, 0, 12], [2, 0, 11], [3, 0, -11], [4, 0, -12], [5, 0, 9], [6, 0, 8], [7, 0, 7], [8, 0, 6], [9, 0, 5], [10, 0, 4], [11, 0, 3], [12, 0, 2], [13, 0, 1], [14, 0, 0], [15, 0, -1], [16, 0, -2], [17, 0, -3], [18, 0, -4], [19, 0, -5], [20, 0, -6], [21, 0, -7], [22, 0, -8], [23, 0, -9]]]
Endpoints of w-disk: 3, 4

[23, 1, 7, 20]
{18: 1, 17: 1, 14: 1, 13: 1, 11: 1, 10: 1, 8: 1, 7: 1, 5: 1, 4: 1, 2: 1, 0: 1, -2: 1, -4: 1, -5: 1, -7: 1, -8: 1, -10: 1, -11: 1, -13: 1, -14: 1, -17: 1, -18: 1}
[[([(1, 2)], 1, 0), ([(7, 8)], 1, 0), ([(11, 12)], 1, 0), ([(15, 16)], 1, 0), ([(19, 20)], 1, 0), ([(23, 3)], 2, 0), ([(6, 9)], 2, 0), ([(10, 13)], 2, 0), ([(14, 17)], 2, 0), ([(18, 21)], 2, 0), ([(22, 4)], 3, 0)], [[1, 0, 18], [2, 0, 17], [3, 0, 0], [4, 0, -17], [5, 0, -18], [6, 0, -2], [7, 0, 14], [8, 0, 13], [9, 0, -4], [10, 0, -5], [11, 0, 11], [12, 0, 10], [13, 0, -7], [14, 0, -8], [15, 0, 8], [16, 0, 7], [17, 0, -10], [18, 0, -11], [19, 0, 5], [20, 0, 4], [21, 0, -13], [22, 0, -14], [23, 0, 2]]]
Endpoints of w-disk: 4, 5

[23, 1, 8, 22]
{13: 1, 12: 1, 10: 1, 9: 1, 7: 1, 6: 1, 5: 1, 4: 1, 3: 1, 2: 1, 1: 1, 0: 1, -1: 1, -2: 1, -3: 1, -4: 1, -5: 1, -6: 1, -7: 1, -9: 1, -10: 1, -12: 1, -13: 1}
[[([(1, 2)], 1, 0), ([(5, 6)], 1, 0), ([(9, 10)], 1, 0), ([(11, 12)], 1, 0), ([(13, 14)], 1, 0), ([(15, 16)], 1, 0), ([(17, 18)], 1, 0), ([(19, 20)], 1, 0), ([(21, 22)], 1, 0), ([(23, 3)], 2, 0), ([(4, 7)], 2, 0)], [[1, 0, 13], [2, 0, 12], [3, 0, -9], [4, 0, -10], [5, 0, 10], [6, 0, 9], [7, 0, -12], [8, 0, -13], [9, 0, 7], [10, 0, 6], [11, 0, 5], [12, 0, 4], [13, 0, 3], [14, 0, 2], [15, 0, 1], [16, 0, 0], [17, 0, -1], [18, 0, -2], [19, 0, -3], [20, 0, -4], [21, 0, -5], [22, 0, -6], [23, 0, -7]]]
Endpoints of w-disk: 7, 8

[23, 1, 12, 22]
{14: 1, 13: 1, 11: 1, 10: 1, 8: 1, 7: 1, 5: 1, 4: 1, 3: 1, 2: 1, 1: 1, 0: 1, -1: 1, -2: 1, -3: 1, -4: 1, -5: 1, -7: 1, -8: 1, -10: 1, -11: 1, -13: 1, -14: 1}
[[([(1, 2)], 1, 0), ([(5, 6)], 1, 0), ([(9, 10)], 1, 0), ([(13, 14)], 1, 0), ([(15, 16)], 1, 0), ([(17, 18)], 1, 0), ([(19, 20)], 1, 0), ([(21, 22)], 1, 0), ([(23, 3)], 2, 0), ([(4, 7)], 2, 0), ([(8, 11)], 2, 0)], [[1, 0, 14], [2, 0, 13], [3, 0, -7], [4, 0, -8], [5, 0, 11], [6, 0, 10], [7, 0, -10], [8, 0, -11], [9, 0, 8], [10, 0, 7], [11, 0, -13], [12, 0, -14], [13, 0, 5], [14, 0, 4], [15, 0, 3], [16, 0, 2], [17, 0, 1], [18, 0, 0], [19, 0, -1], [20, 0, -2], [21, 0, -3], [22, 0, -4], [23, 0, -5]]]
Endpoints of w-disk: 11, 12

[23, 1, 14, 7]
{18: 1, 17: 1, 14: 1, 13: 1, 11: 1, 10: 1, 8: 1, 7: 1, 5: 1, 4: 1, 2: 1, 0: 1, -2: 1, -4: 1, -5: 1, -7: 1, -8: 1, -10: 1, -11: 1, -13: 1, -14: 1, -17: 1, -18: 1}
[[([(1, 2)], 1, 0), ([(18, 19)], 1, 0), ([(14, 15)], 1, 0), ([(10, 11)], 1, 0), ([(6, 7)], 1, 0), ([(23, 3)], 2, 0), ([(17, 20)], 2, 0), ([(13, 16)], 2, 0), ([(9, 12)], 2, 0), ([(5, 8)], 2, 0), ([(22, 4)], 3, 0)], [[1, 0, -17], [2, 0, -18], [3, 0, -2], [4, 0, 14], [5, 0, 13], [6, 0, -4], [7, 0, -5], [8, 0, 11], [9, 0, 10], [10, 0, -7], [11, 0, -8], [12, 0, 8], [13, 0, 7], [14, 0, -10], [15, 0, -11], [16, 0, 5], [17, 0, 4], [18, 0, -13], [19, 0, -14], [20, 0, 2], [21, 0, 18], [22, 0, 17], [23, 0, 0]]]
Endpoints of w-disk: 21, 22

[23, 1, 16, 14]
{36: 1, 35: 1, 29: 1, 28: 1, 23: 1, 21: 1, 16: 1, 14: 1, 10: 1, 7: 1, 3: 1, 0: 1, -3: 1, -7: 1, -10: 1, -14: 1, -16: 1, -21: 1, -23: 1, -28: 1, -29: 1, -35: 1, -36: 1}
[[([(1, 2)], 1, 0), ([(13, 14)], 1, 0), ([(23, 3)], 2, 0), ([(12, 15)], 2, 0), ([(22, 4)], 3, 0), ([(11, 16)], 3, 0), ([(21, 5)], 4, 0), ([(10, 17)], 4, 0), ([(20, 6)], 5, 0), ([(9, 18)], 5, 0), ([(19, 7)], 6, 0)], [[1, 0, 36], [2, 0, 35], [3, 0, 21], [4, 0, 7], [5, 0, -7], [6, 0, -21], [7, 0, -35], [8, 0, -36], [9, 0, -23], [10, 0, -10], [11, 0, 3], [12, 0, 16], [13, 0, 29], [14, 0, 28], [15, 0, 14], [16, 0, 0], [17, 0, -14], [18, 0, -28], [19, 0, -29], [20, 0, -16], [21, 0, -3], [22, 0, 10], [23, 0, 23]]]
Endpoints of w-disk: 7, 8

[23, 1, 16, 22]
{15: 1, 14: 1, 12: 1, 11: 1, 9: 1, 8: 1, 6: 1, 5: 1, 3: 1, 2: 1, 1: 1, 0: 1, -1: 1, -2: 1, -3: 1, -5: 1, -6: 1, -8: 1, -9: 1, -11: 1, -12: 1, -14: 1, -15: 1}
[[([(1, 2)], 1, 0), ([(5, 6)], 1, 0), ([(9, 10)], 1, 0), ([(13, 14)], 1, 0), ([(17, 18)], 1, 0), ([(19, 20)], 1, 0), ([(21, 22)], 1, 0), ([(23, 3)], 2, 0), ([(4, 7)], 2, 0), ([(8, 11)], 2, 0), ([(12, 15)], 2, 0)], [[1, 0, 15], [2, 0, 14], [3, 0, -5], [4, 0, -6], [5, 0, 12], [6, 0, 11], [7, 0, -8], [8, 0, -9], [9, 0, 9], [10, 0, 8], [11, 0, -11], [12, 0, -12], [13, 0, 6], [14, 0, 5], [15, 0, -14], [16, 0, -15], [17, 0, 3], [18, 0, 2], [19, 0, 1], [20, 0, 0], [21, 0, -1], [22, 0, -2], [23, 0, -3]]]
Endpoints of w-disk: 15, 16

[23, 1, 17, 5]
{12: 1, 11: 1, 9: 1, 8: 1, 7: 1, 6: 1, 5: 1, 4: 1, 3: 1, 2: 1, 1: 1, 0: 1, -1: 1, -2: 1, -3: 1, -4: 1, -5: 1, -6: 1, -7: 1, -8: 1, -9: 1, -11: 1, -12: 1}
[[([(1, 2)], 1, 0), ([(20, 21)], 1, 0), ([(18, 19)], 1, 0), ([(16, 17)], 1, 0), ([(14, 15)], 1, 0), ([(12, 13)], 1, 0), ([(10, 11)], 1, 0), ([(8, 9)], 1, 0), ([(6, 7)], 1, 0), ([(4, 5)], 1, 0), ([(23, 3)], 2, 0)], [[1, 0, -11], [2, 0, -12], [3, 0, 9], [4, 0, 8], [5, 0, 7], [6, 0, 6], [7, 0, 5], [8, 0, 4], [9, 0, 3], [10, 0, 2], [11, 0, 1], [12, 0, 0], [13, 0, -1], [14, 0, -2], [15, 0, -3], [16, 0, -4], [17, 0, -5], [18, 0, -6], [19, 0, -7], [20, 0, -8], [21, 0, -9], [22, 0, 12], [23, 0, 11]]]
Endpoints of w-disk: 22, 23

[23, 1, 18, 18]
{26: 1, 25: 1, 21: 1, 20: 1, 16: 1, 15: 1, 12: 1, 10: 1, 7: 1, 5: 1, 2: 1, 0: 1, -2: 1, -5: 1, -7: 1, -10: 1, -12: 1, -15: 1, -16: 1, -20: 1, -21: 1, -25: 1, -26: 1}
[[([(1, 2)], 1, 0), ([(9, 10)], 1, 0), ([(17, 18)], 1, 0), ([(23, 3)], 2, 0), ([(8, 11)], 2, 0), ([(16, 19)], 2, 0), ([(22, 4)], 3, 0), ([(7, 12)], 3, 0), ([(15, 20)], 3, 0), ([(21, 5)], 4, 0), ([(6, 13)], 4, 0)], [[1, 0, 26], [2, 0, 25], [3, 0, 10], [4, 0, -5], [5, 0, -20], [6, 0, -21], [7, 0, -7], [8, 0, 7], [9, 0, 21], [10, 0, 20], [11, 0, 5], [12, 0, -10], [13, 0, -25], [14, 0, -26], [15, 0, -12], [16, 0, 2], [17, 0, 16], [18, 0, 15], [19, 0, 0], [20, 0, -15], [21, 0, -16], [22, 0, -2], [23, 0, 12]]]
Endpoints of w-disk: 13, 14

[23, 1, 19, 20]
{21: 1, 20: 1, 17: 1, 16: 1, 13: 1, 12: 1, 9: 1, 8: 1, 6: 1, 4: 1, 2: 1, 0: 1, -2: 1, -4: 1, -6: 1, -8: 1, -9: 1, -12: 1, -13: 1, -16: 1, -17: 1, -20: 1, -21: 1}
[[([(1, 2)], 1, 0), ([(7, 8)], 1, 0), ([(13, 14)], 1, 0), ([(19, 20)], 1, 0), ([(23, 3)], 2, 0), ([(6, 9)], 2, 0), ([(12, 15)], 2, 0), ([(18, 21)], 2, 0), ([(22, 4)], 3, 0), ([(5, 10)], 3, 0), ([(11, 16)], 3, 0)], [[1, 0, 21], [2, 0, 20], [3, 0, 4], [4, 0, -12], [5, 0, -13], [6, 0, 2], [7, 0, 17], [8, 0, 16], [9, 0, 0], [10, 0, -16], [11, 0, -17], [12, 0, -2], [13, 0, 13], [14, 0, 12], [15, 0, -4], [16, 0, -20], [17, 0, -21], [18, 0, -6], [19, 0, 9], [20, 0, 8], [21, 0, -8], [22, 0, -9], [23, 0, 6]]]
Endpoints of w-disk: 16, 17

[23, 1, 20, 22]
{16: 1, 15: 1, 13: 1, 12: 1, 10: 1, 9: 1, 7: 1, 6: 1, 4: 1, 3: 1, 1: 1, 0: 1, -1: 1, -3: 1, -4: 1, -6: 1, -7: 1, -9: 1, -10: 1, -12: 1, -13: 1, -15: 1, -16: 1}
[[([(1, 2)], 1, 0), ([(5, 6)], 1, 0), ([(9, 10)], 1, 0), ([(13, 14)], 1, 0), ([(17, 18)], 1, 0), ([(21, 22)], 1, 0), ([(23, 3)], 2, 0), ([(4, 7)], 2, 0), ([(8, 11)], 2, 0), ([(12, 15)], 2, 0), ([(16, 19)], 2, 0)], [[1, 0, 16], [2, 0, 15], [3, 0, -3], [4, 0, -4], [5, 0, 13], [6, 0, 12], [7, 0, -6], [8, 0, -7], [9, 0, 10], [10, 0, 9], [11, 0, -9], [12, 0, -10], [13, 0, 7], [14, 0, 6], [15, 0, -12], [16, 0, -13], [17, 0, 4], [18, 0, 3], [19, 0, -15], [20, 0, -16], [21, 0, 1], [22, 0, 0], [23, 0, -1]]]
Endpoints of w-disk: 19, 20

[23, 1, 21, 1]
{11: 1, 10: 1, 9: 1, 8: 1, 7: 1, 6: 1, 5: 1, 4: 1, 3: 1, 2: 1, 1: 1, 0: 1, -1: 1, -2: 1, -3: 1, -4: 1, -5: 1, -6: 1, -7: 1, -8: 1, -9: 1, -10: 1, -11: 1}
[[([(1, 2)], 1, 0), ([(3, 4)], 1, 0), ([(5, 6)], 1, 0), ([(7, 8)], 1, 0), ([(9, 10)], 1, 0), ([(11, 12)], 1, 0), ([(13, 14)], 1, 0), ([(15, 16)], 1, 0), ([(17, 18)], 1, 0), ([(19, 20)], 1, 0), ([(21, 22)], 1, 0)], [[1, 0, 11], [2, 0, 10], [3, 0, 9], [4, 0, 8], [5, 0, 7], [6, 0, 6], [7, 0, 5], [8, 0, 4], [9, 0, 3], [10, 0, 2], [11, 0, 1], [12, 0, 0], [13, 0, -1], [14, 0, -2], [15, 0, -3], [16, 0, -4], [17, 0, -5], [18, 0, -6], [19, 0, -7], [20, 0, -8], [21, 0, -9], [22, 0, -10], [23, 0, -11]]]
Endpoints of w-disk: 22, 23

[23, 1, 21, 5]
{11: 1, 10: 1, 9: 1, 8: 1, 7: 1, 6: 1, 5: 1, 4: 1, 3: 1, 2: 1, 1: 1, 0: 1, -1: 1, -2: 1, -3: 1, -4: 1, -5: 1, -6: 1, -7: 1, -8: 1, -9: 1, -10: 1, -11: 1}
[[([(1, 2)], 1, 0), ([(22, 23)], 1, 0), ([(20, 21)], 1, 0), ([(18, 19)], 1, 0), ([(16, 17)], 1, 0), ([(14, 15)], 1, 0), ([(12, 13)], 1, 0), ([(10, 11)], 1, 0), ([(8, 9)], 1, 0), ([(6, 7)], 1, 0), ([(4, 5)], 1, 0)], [[1, 0, -10], [2, 0, -11], [3, 0, 11], [4, 0, 10], [5, 0, 9], [6, 0, 8], [7, 0, 7], [8, 0, 6], [9, 0, 5], [10, 0, 4], [11, 0, 3], [12, 0, 2], [13, 0, 1], [14, 0, 0], [15, 0, -1], [16, 0, -2], [17, 0, -3], [18, 0, -4], [19, 0, -5], [20, 0, -6], [21, 0, -7], [22, 0, -8], [23, 0, -9]]]
Endpoints of w-disk: 3, 4

[25, 1, 0, 24]
{12: 1, 11: 1, 10: 1, 9: 1, 8: 1, 7: 1, 6: 1, 5: 1, 4: 1, 3: 1, 2: 1, 1: 1, 0: 1, -1: 1, -2: 1, -3: 1, -4: 1, -5: 1, -6: 1, -7: 1, -8: 1, -9: 1, -10: 1, -11: 1, -12: 1}
[[([(1, 2)], 1, 0), ([(3, 4)], 1, 0), ([(5, 6)], 1, 0), ([(7, 8)], 1, 0), ([(9, 10)], 1, 0), ([(11, 12)], 1, 0), ([(13, 14)], 1, 0), ([(15, 16)], 1, 0), ([(17, 18)], 1, 0), ([(19, 20)], 1, 0), ([(21, 22)], 1, 0), ([(23, 24)], 1, 0)], [[1, 0, 12], [2, 0, 11], [3, 0, 10], [4, 0, 9], [5, 0, 8], [6, 0, 7], [7, 0, 6], [8, 0, 5], [9, 0, 4], [10, 0, 3], [11, 0, 2], [12, 0, 1], [13, 0, 0], [14, 0, -1], [15, 0, -2], [16, 0, -3], [17, 0, -4], [18, 0, -5], [19, 0, -6], [20, 0, -7], [21, 0, -8], [22, 0, -9], [23, 0, -10], [24, 0, -11], [25, 0, -12]]]
Endpoints of w-disk: 24, 25

[25, 1, 1, 22]
{18: 1, 17: 1, 15: 1, 14: 1, 12: 1, 11: 1, 9: 1, 8: 1, 6: 1, 5: 1, 3: 1, 2: 1, 0: 1, -2: 1, -3: 1, -5: 1, -6: 1, -8: 1, -9: 1, -11: 1, -12: 1, -14: 1, -15: 1, -17: 1, -18: 1}
[[([(1, 2)], 1, 0), ([(5, 6)], 1, 0), ([(9, 10)], 1, 0), ([(13, 14)], 1, 0), ([(17, 18)], 1, 0), ([(21, 22)], 1, 0), ([(25, 3)], 2, 0), ([(4, 7)], 2, 0), ([(8, 11)], 2, 0), ([(12, 15)], 2, 0), ([(16, 19)], 2, 0), ([(20, 23)], 2, 0)], [[1, 0, 18], [2, 0, 17], [3, 0, -2], [4, 0, -3], [5, 0, 15], [6, 0, 14], [7, 0, -5], [8, 0, -6], [9, 0, 12], [10, 0, 11], [11, 0, -8], [12, 0, -9], [13, 0, 9], [14, 0, 8], [15, 0, -11], [16, 0, -12], [17, 0, 6], [18, 0, 5], [19, 0, -14], [20, 0, -15], [21, 0, 3], [22, 0, 2], [23, 0, -17], [24, 0, -18], [25, 0, 0]]]
Endpoints of w-disk: 23, 24

[25, 1, 4, 24]
{13: 1, 12: 1, 10: 1, 9: 1, 8: 1, 7: 1, 6: 1, 5: 1, 4: 1, 3: 1, 2: 1, 1: 1, 0: 1, -1: 1, -2: 1, -3: 1, -4: 1, -5: 1, -6: 1, -7: 1, -8: 1, -9: 1, -10: 1, -12: 1, -13: 1}
[[([(1, 2)], 1, 0), ([(5, 6)], 1, 0), ([(7, 8)], 1, 0), ([(9, 10)], 1, 0), ([(11, 12)], 1, 0), ([(13, 14)], 1, 0), ([(15, 16)], 1, 0), ([(17, 18)], 1, 0), ([(19, 20)], 1, 0), ([(21, 22)], 1, 0), ([(23, 24)], 1, 0), ([(25, 3)], 2, 0)], [[1, 0, 13], [2, 0, 12], [3, 0, -12], [4, 0, -13], [5, 0, 10], [6, 0, 9], [7, 0, 8], [8, 0, 7], [9, 0, 6], [10, 0, 5], [11, 0, 4], [12, 0, 3], [13, 0, 2], [14, 0, 1], [15, 0, 0], [16, 0, -1], [17, 0, -2], [18, 0, -3], [19, 0, -4], [20, 0, -5], [21, 0, -6], [22, 0, -7], [23, 0, -8], [24, 0, -9], [25, 0, -10]]]
Endpoints of w-disk: 3, 4

[25, 1, 8, 24]
{14: 1, 13: 1, 11: 1, 10: 1, 8: 1, 7: 1, 6: 1, 5: 1, 4: 1, 3: 1, 2: 1, 1: 1, 0: 1, -1: 1, -2: 1, -3: 1, -4: 1, -5: 1, -6: 1, -7: 1, -8: 1, -10: 1, -11: 1, -13: 1, -14: 1}
[[([(1, 2)], 1, 0), ([(5, 6)], 1, 0), ([(9, 10)], 1, 0), ([(11, 12)], 1, 0), ([(13, 14)], 1, 0), ([(15, 16)], 1, 0), ([(17, 18)], 1, 0), ([(19, 20)], 1, 0), ([(21, 22)], 1, 0), ([(23, 24)], 1, 0), ([(25, 3)], 2, 0), ([(4, 7)], 2, 0)], [[1, 0, 14], [2, 0, 13], [3, 0, -10], [4, 0, -11], [5, 0, 11], [6, 0, 10], [7, 0, -13], [8, 0, -14], [9, 0, 8], [10, 0, 7], [11, 0, 6], [12, 0, 5], [13, 0, 4], [14, 0, 3], [15, 0, 2], [16, 0, 1], [17, 0, 0], [18, 0, -1], [19, 0, -2], [20, 0, -3], [21, 0, -4], [22, 0, -5], [23, 0, -6], [24, 0, -7], [25, 0, -8]]]
Endpoints of w-disk: 7, 8

[25, 1, 12, 24]
{15: 1, 14: 1, 12: 1, 11: 1, 9: 1, 8: 1, 6: 1, 5: 1, 4: 1, 3: 1, 2: 1, 1: 1, 0: 1, -1: 1, -2: 1, -3: 1, -4: 1, -5: 1, -6: 1, -8: 1, -9: 1, -11: 1, -12: 1, -14: 1, -15: 1}
[[([(1, 2)], 1, 0), ([(5, 6)], 1, 0), ([(9, 10)], 1, 0), ([(13, 14)], 1, 0), ([(15, 16)], 1, 0), ([(17, 18)], 1, 0), ([(19, 20)], 1, 0), ([(21, 22)], 1, 0), ([(23, 24)], 1, 0), ([(25, 3)], 2, 0), ([(4, 7)], 2, 0), ([(8, 11)], 2, 0)], [[1, 0, 15], [2, 0, 14], [3, 0, -8], [4, 0, -9], [5, 0, 12], [6, 0, 11], [7, 0, -11], [8, 0, -12], [9, 0, 9], [10, 0, 8], [11, 0, -14], [12, 0, -15], [13, 0, 6], [14, 0, 5], [15, 0, 4], [16, 0, 3], [17, 0, 2], [18, 0, 1], [19, 0, 0], [20, 0, -1], [21, 0, -2], [22, 0, -3], [23, 0, -4], [24, 0, -5], [25, 0, -6]]]
Endpoints of w-disk: 11, 12

[25, 1, 13, 22]
{21: 1, 20: 1, 17: 1, 16: 1, 13: 1, 12: 1, 10: 1, 9: 1, 7: 1, 6: 1, 4: 1, 2: 1, 0: 1, -2: 1, -4: 1, -6: 1, -7: 1, -9: 1, -10: 1, -12: 1, -13: 1, -16: 1, -17: 1, -20: 1, -21: 1}
[[([(1, 2)], 1, 0), ([(7, 8)], 1, 0), ([(13, 14)], 1, 0), ([(17, 18)], 1, 0), ([(21, 22)], 1, 0), ([(25, 3)], 2, 0), ([(6, 9)], 2, 0), ([(12, 15)], 2, 0), ([(16, 19)], 2, 0), ([(20, 23)], 2, 0), ([(24, 4)], 3, 0), ([(5, 10)], 3, 0)], [[1, 0, 21], [2, 0, 20], [3, 0, 2], [4, 0, -16], [5, 0, -17], [6, 0, 0], [7, 0, 17], [8, 0, 16], [9, 0, -2], [10, 0, -20], [11, 0, -21], [12, 0, -4], [13, 0, 13], [14, 0, 12], [15, 0, -6], [16, 0, -7], [17, 0, 10], [18, 0, 9], [19, 0, -9], [20, 0, -10], [21, 0, 7], [22, 0, 6], [23, 0, -12], [24, 0, -13], [25, 0, 4]]]
Endpoints of w-disk: 10, 11

[25, 1, 16, 24]
{16: 1, 15: 1, 13: 1, 12: 1, 10: 1, 9: 1, 7: 1, 6: 1, 4: 1, 3: 1, 2: 1, 1: 1, 0: 1, -1: 1, -2: 1, -3: 1, -4: 1, -6: 1, -7: 1, -9: 1, -10: 1, -12: 1, -13: 1, -15: 1, -16: 1}
[[([(1, 2)], 1, 0), ([(5, 6)], 1, 0), ([(9, 10)], 1, 0), ([(13, 14)], 1, 0), ([(17, 18)], 1, 0), ([(19, 20)], 1, 0), ([(21, 22)], 1, 0), ([(23, 24)], 1, 0), ([(25, 3)], 2, 0), ([(4, 7)], 2, 0), ([(8, 11)], 2, 0), ([(12, 15)], 2, 0)], [[1, 0, 16], [2, 0, 15], [3, 0, -6], [4, 0, -7], [5, 0, 13], [6, 0, 12], [7, 0, -9], [8, 0, -10], [9, 0, 10], [10, 0, 9], [11, 0, -12], [12, 0, -13], [13, 0, 7], [14, 0, 6], [15, 0, -15], [16, 0, -16], [17, 0, 4], [18, 0, 3], [19, 0, 2], [20, 0, 1], [21, 0, 0], [22, 0, -1], [23, 0, -2], [24, 0, -3], [25, 0, -4]]]
Endpoints of w-disk: 15, 16

[25, 1, 18, 15]
{42: 1, 41: 1, 35: 1, 34: 1, 28: 1, 26: 1, 21: 1, 19: 1, 14: 1, 11: 1, 7: 1, 4: 1, 0: 1, -4: 1, -7: 1, -11: 1, -14: 1, -19: 1, -21: 1, -26: 1, -28: 1, -34: 1, -35: 1, -41: 1, -42: 1}
[[([(1, 2)], 1, 0), ([(14, 15)], 1, 0), ([(25, 3)], 2, 0), ([(13, 16)], 2, 0), ([(24, 4)], 3, 0), ([(12, 17)], 3, 0), ([(23, 5)], 4, 0), ([(11, 18)], 4, 0), ([(22, 6)], 5, 0), ([(10, 19)], 5, 0), ([(21, 7)], 6, 0), ([(9, 20)], 6, 0)], [[1, 0, -41], [2, 0, -42], [3, 0, -28], [4, 0, -14], [5, 0, 0], [6, 0, 14], [7, 0, 28], [8, 0, 42], [9, 0, 41], [10, 0, 26], [11, 0, 11], [12, 0, -4], [13, 0, -19], [14, 0, -34], [15, 0, -35], [16, 0, -21], [17, 0, -7], [18, 0, 7], [19, 0, 21], [20, 0, 35], [21, 0, 34], [22, 0, 19], [23, 0, 4], [24, 0, -11], [25, 0, -26]]]
Endpoints of w-disk: 8, 9

[25, 1, 19, 5]
{13: 1, 12: 1, 10: 1, 9: 1, 8: 1, 7: 1, 6: 1, 5: 1, 4: 1, 3: 1, 2: 1, 1: 1, 0: 1, -1: 1, -2: 1, -3: 1, -4: 1, -5: 1, -6: 1, -7: 1, -8: 1, -9: 1, -10: 1, -12: 1, -13: 1}
[[([(1, 2)], 1, 0), ([(22, 23)], 1, 0), ([(20, 21)], 1, 0), ([(18, 19)], 1, 0), ([(16, 17)], 1, 0), ([(14, 15)], 1, 0), ([(12, 13)], 1, 0), ([(10, 11)], 1, 0), ([(8, 9)], 1, 0), ([(6, 7)], 1, 0), ([(4, 5)], 1, 0), ([(25, 3)], 2, 0)], [[1, 0, -12], [2, 0, -13], [3, 0, 10], [4, 0, 9], [5, 0, 8], [6, 0, 7], [7, 0, 6], [8, 0, 5], [9, 0, 4], [10, 0, 3], [11, 0, 2], [12, 0, 1], [13, 0, 0], [14, 0, -1], [15, 0, -2], [16, 0, -3], [17, 0, -4], [18, 0, -5], [19, 0, -6], [20, 0, -7], [21, 0, -8], [22, 0, -9], [23, 0, -10], [24, 0, 13], [25, 0, 12]]]
Endpoints of w-disk: 24, 25

[25, 1, 20, 11]
{30: 1, 29: 1, 25: 1, 24: 1, 20: 1, 19: 1, 15: 1, 13: 1, 10: 1, 8: 1, 5: 1, 3: 1, 0: 1, -3: 1, -5: 1, -8: 1, -10: 1, -13: 1, -15: 1, -19: 1, -20: 1, -24: 1, -25: 1, -29: 1, -30: 1}
[[([(1, 2)], 1, 0), ([(18, 19)], 1, 0), ([(10, 11)], 1, 0), ([(25, 3)], 2, 0), ([(17, 20)], 2, 0), ([(9, 12)], 2, 0), ([(24, 4)], 3, 0), ([(16, 21)], 3, 0), ([(8, 13)], 3, 0), ([(23, 5)], 4, 0), ([(15, 22)], 4, 0), ([(7, 14)], 4, 0)], [[1, 0, -29], [2, 0, -30], [3, 0, -15], [4, 0, 0], [5, 0, 15], [6, 0, 30], [7, 0, 29], [8, 0, 13], [9, 0, -3], [10, 0, -19], [11, 0, -20], [12, 0, -5], [13, 0, 10], [14, 0, 25], [15, 0, 24], [16, 0, 8], [17, 0, -8], [18, 0, -24], [19, 0, -25], [20, 0, -10], [21, 0, 5], [22, 0, 20], [23, 0, 19], [24, 0, 3], [25, 0, -13]]]
Endpoints of w-disk: 6, 7

[25, 1, 20, 24]
{17: 1, 16: 1, 14: 1, 13: 1, 11: 1, 10: 1, 8: 1, 7: 1, 5: 1, 4: 1, 2: 1, 1: 1, 0: 1, -1: 1, -2: 1, -4: 1, -5: 1, -7: 1, -8: 1, -10: 1, -11: 1, -13: 1, -14: 1, -16: 1, -17: 1}
[[([(1, 2)], 1, 0), ([(5, 6)], 1, 0), ([(9, 10)], 1, 0), ([(13, 14)], 1, 0), ([(17, 18)], 1, 0), ([(21, 22)], 1, 0), ([(23, 24)], 1, 0), ([(25, 3)], 2, 0), ([(4, 7)], 2, 0), ([(8, 11)], 2, 0), ([(12, 15)], 2, 0), ([(16, 19)], 2, 0)], [[1, 0, 17], [2, 0, 16], [3, 0, -4], [4, 0, -5], [5, 0, 14], [6, 0, 13], [7, 0, -7], [8, 0, -8], [9, 0, 11], [10, 0, 10], [11, 0, -10], [12, 0, -11], [13, 0, 8], [14, 0, 7], [15, 0, -13], [16, 0, -14], [17, 0, 5], [18, 0, 4], [19, 0, -16], [20, 0, -17], [21, 0, 2], [22, 0, 1], [23, 0, 0], [24, 0, -1], [25, 0, -2]]]
Endpoints of w-disk: 19, 20

[25, 1, 21, 9]
{24: 1, 23: 1, 20: 1, 19: 1, 16: 1, 15: 1, 12: 1, 11: 1, 8: 1, 6: 1, 4: 1, 2: 1, 0: 1, -2: 1, -4: 1, -6: 1, -8: 1, -11: 1, -12: 1, -15: 1, -16: 1, -19: 1, -20: 1, -23: 1, -24: 1}
[[([(1, 2)], 1, 0), ([(20, 21)], 1, 0), ([(14, 15)], 1, 0), ([(8, 9)], 1, 0), ([(25, 3)], 2, 0), ([(19, 22)], 2, 0), ([(13, 16)], 2, 0), ([(7, 10)], 2, 0), ([(24, 4)], 3, 0), ([(18, 23)], 3, 0), ([(12, 17)], 3, 0), ([(6, 11)], 3, 0)], [[1, 0, -23], [2, 0, -24], [3, 0, -8], [4, 0, 8], [5, 0, 24], [6, 0, 23], [7, 0, 6], [8, 0, -11], [9, 0, -12], [10, 0, 4], [11, 0, 20], [12, 0, 19], [13, 0, 2], [14, 0, -15], [15, 0, -16], [16, 0, 0], [17, 0, 16], [18, 0, 15], [19, 0, -2], [20, 0, -19], [21, 0, -20], [22, 0, -4], [23, 0, 12], [24, 0, 11], [25, 0, -6]]]
Endpoints of w-disk: 5, 6

[25, 1, 22, 7]
{18: 1, 17: 1, 15: 1, 14: 1, 12: 1, 11: 1, 9: 1, 8: 1, 6: 1, 5: 1, 3: 1, 2: 1, 0: 1, -2: 1, -3: 1, -5: 1, -6: 1, -8: 1, -9: 1, -11: 1, -12: 1, -14: 1, -15: 1, -17: 1, -18: 1}
[[([(1, 2)], 1, 0), ([(22, 23)], 1, 0), ([(18, 19)], 1, 0), ([(14, 15)], 1, 0), ([(10, 11)], 1, 0), ([(6, 7)], 1, 0), ([(25, 3)], 2, 0), ([(21, 24)], 2, 0), ([(17, 20)], 2, 0), ([(13, 16)], 2, 0), ([(9, 12)], 2, 0), ([(5, 8)], 2, 0)], [[1, 0, -17], [2, 0, -18], [3, 0, 0], [4, 0, 18], [5, 0, 17], [6, 0, -2], [7, 0, -3], [8, 0, 15], [9, 0, 14], [10, 0, -5], [11, 0, -6], [12, 0, 12], [13, 0, 11], [14, 0, -8], [15, 0, -9], [16, 0, 9], [17, 0, 8], [18, 0, -11], [19, 0, -12], [20, 0, 6], [21, 0, 5], [22, 0, -14], [23, 0, -15], [24, 0, 3], [25, 0, 2]]]
Endpoints of w-disk: 4, 5

[25, 1, 23, 1]
{12: 1, 11: 1, 10: 1, 9: 1, 8: 1, 7: 1, 6: 1, 5: 1, 4: 1, 3: 1, 2: 1, 1: 1, 0: 1, -1: 1, -2: 1, -3: 1, -4: 1, -5: 1, -6: 1, -7: 1, -8: 1, -9: 1, -10: 1, -11: 1, -12: 1}
[[([(1, 2)], 1, 0), ([(3, 4)], 1, 0), ([(5, 6)], 1, 0), ([(7, 8)], 1, 0), ([(9, 10)], 1, 0), ([(11, 12)], 1, 0), ([(13, 14)], 1, 0), ([(15, 16)], 1, 0), ([(17, 18)], 1, 0), ([(19, 20)], 1, 0), ([(21, 22)], 1, 0), ([(23, 24)], 1, 0)], [[1, 0, 12], [2, 0, 11], [3, 0, 10], [4, 0, 9], [5, 0, 8], [6, 0, 7], [7, 0, 6], [8, 0, 5], [9, 0, 4], [10, 0, 3], [11, 0, 2], [12, 0, 1], [13, 0, 0], [14, 0, -1], [15, 0, -2], [16, 0, -3], [17, 0, -4], [18, 0, -5], [19, 0, -6], [20, 0, -7], [21, 0, -8], [22, 0, -9], [23, 0, -10], [24, 0, -11], [25, 0, -12]]]
Endpoints of w-disk: 24, 25

[25, 1, 23, 5]
{12: 1, 11: 1, 10: 1, 9: 1, 8: 1, 7: 1, 6: 1, 5: 1, 4: 1, 3: 1, 2: 1, 1: 1, 0: 1, -1: 1, -2: 1, -3: 1, -4: 1, -5: 1, -6: 1, -7: 1, -8: 1, -9: 1, -10: 1, -11: 1, -12: 1}
[[([(1, 2)], 1, 0), ([(24, 25)], 1, 0), ([(22, 23)], 1, 0), ([(20, 21)], 1, 0), ([(18, 19)], 1, 0), ([(16, 17)], 1, 0), ([(14, 15)], 1, 0), ([(12, 13)], 1, 0), ([(10, 11)], 1, 0), ([(8, 9)], 1, 0), ([(6, 7)], 1, 0), ([(4, 5)], 1, 0)], [[1, 0, -11], [2, 0, -12], [3, 0, 12], [4, 0, 11], [5, 0, 10], [6, 0, 9], [7, 0, 8], [8, 0, 7], [9, 0, 6], [10, 0, 5], [11, 0, 4], [12, 0, 3], [13, 0, 2], [14, 0, 1], [15, 0, 0], [16, 0, -1], [17, 0, -2], [18, 0, -3], [19, 0, -4], [20, 0, -5], [21, 0, -6], [22, 0, -7], [23, 0, -8], [24, 0, -9], [25, 0, -10]]]
Endpoints of w-disk: 3, 4

[27, 1, 0, 26]
{13: 1, 12: 1, 11: 1, 10: 1, 9: 1, 8: 1, 7: 1, 6: 1, 5: 1, 4: 1, 3: 1, 2: 1, 1: 1, 0: 1, -1: 1, -2: 1, -3: 1, -4: 1, -5: 1, -6: 1, -7: 1, -8: 1, -9: 1, -10: 1, -11: 1, -12: 1, -13: 1}
[[([(1, 2)], 1, 0), ([(3, 4)], 1, 0), ([(5, 6)], 1, 0), ([(7, 8)], 1, 0), ([(9, 10)], 1, 0), ([(11, 12)], 1, 0), ([(13, 14)], 1, 0), ([(15, 16)], 1, 0), ([(17, 18)], 1, 0), ([(19, 20)], 1, 0), ([(21, 22)], 1, 0), ([(23, 24)], 1, 0), ([(25, 26)], 1, 0)], [[1, 0, 13], [2, 0, 12], [3, 0, 11], [4, 0, 10], [5, 0, 9], [6, 0, 8], [7, 0, 7], [8, 0, 6], [9, 0, 5], [10, 0, 4], [11, 0, 3], [12, 0, 2], [13, 0, 1], [14, 0, 0], [15, 0, -1], [16, 0, -2], [17, 0, -3], [18, 0, -4], [19, 0, -5], [20, 0, -6], [21, 0, -7], [22, 0, -8], [23, 0, -9], [24, 0, -10], [25, 0, -11], [26, 0, -12], [27, 0, -13]]]
Endpoints of w-disk: 26, 27

[27, 1, 4, 26]
{14: 1, 13: 1, 11: 1, 10: 1, 9: 1, 8: 1, 7: 1, 6: 1, 5: 1, 4: 1, 3: 1, 2: 1, 1: 1, 0: 1, -1: 1, -2: 1, -3: 1, -4: 1, -5: 1, -6: 1, -7: 1, -8: 1, -9: 1, -10: 1, -11: 1, -13: 1, -14: 1}
[[([(1, 2)], 1, 0), ([(5, 6)], 1, 0), ([(7, 8)], 1, 0), ([(9, 10)], 1, 0), ([(11, 12)], 1, 0), ([(13, 14)], 1, 0), ([(15, 16)], 1, 0), ([(17, 18)], 1, 0), ([(19, 20)], 1, 0), ([(21, 22)], 1, 0), ([(23, 24)], 1, 0), ([(25, 26)], 1, 0), ([(27, 3)], 2, 0)], [[1, 0, 14], [2, 0, 13], [3, 0, -13], [4, 0, -14], [5, 0, 11], [6, 0, 10], [7, 0, 9], [8, 0, 8], [9, 0, 7], [10, 0, 6], [11, 0, 5], [12, 0, 4], [13, 0, 3], [14, 0, 2], [15, 0, 1], [16, 0, 0], [17, 0, -1], [18, 0, -2], [19, 0, -3], [20, 0, -4], [21, 0, -5], [22, 0, -6], [23, 0, -7], [24, 0, -8], [25, 0, -9], [26, 0, -10], [27, 0, -11]]]
Endpoints of w-disk: 3, 4

[27, 1, 7, 24]
{21: 1, 20: 1, 17: 1, 16: 1, 14: 1, 13: 1, 11: 1, 10: 1, 8: 1, 7: 1, 5: 1, 4: 1, 2: 1, 0: 1, -2: 1, -4: 1, -5: 1, -7: 1, -8: 1, -10: 1, -11: 1, -13: 1, -14: 1, -16: 1, -17: 1, -20: 1, -21: 1}
[[([(1, 2)], 1, 0), ([(7, 8)], 1, 0), ([(11, 12)], 1, 0), ([(15, 16)], 1, 0), ([(19, 20)], 1, 0), ([(23, 24)], 1, 0), ([(27, 3)], 2, 0), ([(6, 9)], 2, 0), ([(10, 13)], 2, 0), ([(14, 17)], 2, 0), ([(18, 21)], 2, 0), ([(22, 25)], 2, 0), ([(26, 4)], 3, 0)], [[1, 0, 21], [2, 0, 20], [3, 0, 0], [4, 0, -20], [5, 0, -21], [6, 0, -2], [7, 0, 17], [8, 0, 16], [9, 0, -4], [10, 0, -5], [11, 0, 14], [12, 0, 13], [13, 0, -7], [14, 0, -8], [15, 0, 11], [16, 0, 10], [17, 0, -10], [18, 0, -11], [19, 0, 8], [20, 0, 7], [21, 0, -13], [22, 0, -14], [23, 0, 5], [24, 0, 4], [25, 0, -16], [26, 0, -17], [27, 0, 2]]]
Endpoints of w-disk: 4, 5

[27, 1, 8, 26]
{15: 1, 14: 1, 12: 1, 11: 1, 9: 1, 8: 1, 7: 1, 6: 1, 5: 1, 4: 1, 3: 1, 2: 1, 1: 1, 0: 1, -1: 1, -2: 1, -3: 1, -4: 1, -5: 1, -6: 1, -7: 1, -8: 1, -9: 1, -11: 1, -12: 1, -14: 1, -15: 1}
[[([(1, 2)], 1, 0), ([(5, 6)], 1, 0), ([(9, 10)], 1, 0), ([(11, 12)], 1, 0), ([(13, 14)], 1, 0), ([(15, 16)], 1, 0), ([(17, 18)], 1, 0), ([(19, 20)], 1, 0), ([(21, 22)], 1, 0), ([(23, 24)], 1, 0), ([(25, 26)], 1, 0), ([(27, 3)], 2, 0), ([(4, 7)], 2, 0)], [[1, 0, 15], [2, 0, 14], [3, 0, -11], [4, 0, -12], [5, 0, 12], [6, 0, 11], [7, 0, -14], [8, 0, -15], [9, 0, 9], [10, 0, 8], [11, 0, 7], [12, 0, 6], [13, 0, 5], [14, 0, 4], [15, 0, 3], [16, 0, 2], [17, 0, 1], [18, 0, 0], [19, 0, -1], [20, 0, -2], [21, 0, -3], [22, 0, -4], [23, 0, -5], [24, 0, -6], [25, 0, -7], [26, 0, -8], [27, 0, -9]]]
Endpoints of w-disk: 7, 8

[27, 1, 10, 22]
{28: 1, 27: 1, 23: 1, 22: 1, 19: 1, 18: 1, 15: 1, 14: 1, 11: 1, 9: 1, 6: 1, 4: 1, 2: 1, 0: 1, -2: 1, -4: 1, -6: 1, -9: 1, -11: 1, -14: 1, -15: 1, -18: 1, -19: 1, -22: 1, -23: 1, -27: 1, -28: 1}
[[([(1, 2)], 1, 0), ([(9, 10)], 1, 0), ([(15, 16)], 1, 0), ([(21, 22)], 1, 0), ([(27, 3)], 2, 0), ([(8, 11)], 2, 0), ([(14, 17)], 2, 0), ([(20, 23)], 2, 0), ([(26, 4)], 3, 0), ([(7, 12)], 3, 0), ([(13, 18)], 3, 0), ([(19, 24)], 3, 0), ([(25, 5)], 4, 0)], [[1, 0, 28], [2, 0, 27], [3, 0, 9], [4, 0, -9], [5, 0, -27], [6, 0, -28], [7, 0, -11], [8, 0, 6], [9, 0, 23], [10, 0, 22], [11, 0, 4], [12, 0, -14], [13, 0, -15], [14, 0, 2], [15, 0, 19], [16, 0, 18], [17, 0, 0], [18, 0, -18], [19, 0, -19], [20, 0, -2], [21, 0, 15], [22, 0, 14], [23, 0, -4], [24, 0, -22], [25, 0, -23], [26, 0, -6], [27, 0, 11]]]
Endpoints of w-disk: 5, 6

[27, 1, 12, 26]
{16: 1, 15: 1, 13: 1, 12: 1, 10: 1, 9: 1, 7: 1, 6: 1, 5: 1, 4: 1, 3: 1, 2: 1, 1: 1, 0: 1, -1: 1, -2: 1, -3: 1, -4: 1, -5: 1, -6: 1, -7: 1, -9: 1, -10: 1, -12: 1, -13: 1, -15: 1, -16: 1}
[[([(1, 2)], 1, 0), ([(5, 6)], 1, 0), ([(9, 10)], 1, 0), ([(13, 14)], 1, 0), ([(15, 16)], 1, 0), ([(17, 18)], 1, 0), ([(19, 20)], 1, 0), ([(21, 22)], 1, 0), ([(23, 24)], 1, 0), ([(25, 26)], 1, 0), ([(27, 3)], 2, 0), ([(4, 7)], 2, 0), ([(8, 11)], 2, 0)], [[1, 0, 16], [2, 0, 15], [3, 0, -9], [4, 0, -10], [5, 0, 13], [6, 0, 12], [7, 0, -12], [8, 0, -13], [9, 0, 10], [10, 0, 9], [11, 0, -15], [12, 0, -16], [13, 0, 7], [14, 0, 6], [15, 0, 5], [16, 0, 4], [17, 0, 3], [18, 0, 2], [19, 0, 1], [20, 0, 0], [21, 0, -1], [22, 0, -2], [23, 0, -3], [24, 0, -4], [25, 0, -5], [26, 0, -6], [27, 0, -7]]]
Endpoints of w-disk: 11, 12

[27, 1, 13, 20]
{35: 1, 34: 1, 29: 1, 28: 1, 24: 1, 23: 1, 19: 1, 17: 1, 13: 1, 11: 1, 8: 1, 6: 1, 3: 1, 0: 1, -3: 1, -6: 1, -8: 1, -11: 1, -13: 1, -17: 1, -19: 1, -23: 1, -24: 1, -28: 1, -29: 1, -34: 1, -35: 1}
[[([(1, 2)], 1, 0), ([(11, 12)], 1, 0), ([(19, 20)], 1, 0), ([(27, 3)], 2, 0), ([(10, 13)], 2, 0), ([(18, 21)], 2, 0), ([(26, 4)], 3, 0), ([(9, 14)], 3, 0), ([(17, 22)], 3, 0), ([(25, 5)], 4, 0), ([(8, 15)], 4, 0), ([(16, 23)], 4, 0), ([(24, 6)], 5, 0)], [[1, 0, 35], [2, 0, 34], [3, 0, 17], [4, 0, 0], [5, 0, -17], [6, 0, -34], [7, 0, -35], [8, 0, -19], [9, 0, -3], [10, 0, 13], [11, 0, 29], [12, 0, 28], [13, 0, 11], [14, 0, -6], [15, 0, -23], [16, 0, -24], [17, 0, -8], [18, 0, 8], [19, 0, 24], [20, 0, 23], [21, 0, 6], [22, 0, -11], [23, 0, -28], [24, 0, -29], [25, 0, -13], [26, 0, 3], [27, 0, 19]]]
Endpoints of w-disk: 6, 7

[27, 1, 16, 26]
{17: 1, 16: 1, 14: 1, 13: 1, 11: 1, 10: 1, 8: 1, 7: 1, 5: 1, 4: 1, 3: 1, 2: 1, 1: 1, 0: 1, -1: 1, -2: 1, -3: 1, -4: 1, -5: 1, -7: 1, -8: 1, -10: 1, -11: 1, -13: 1, -14: 1, -16: 1, -17: 1}
[[([(1, 2)], 1, 0), ([(5, 6)], 1, 0), ([(9, 10)], 1, 0), ([(13, 14)], 1, 0), ([(17, 18)], 1, 0), ([(19, 20)], 1, 0), ([(21, 22)], 1, 0), ([(23, 24)], 1, 0), ([(25, 26)], 1, 0), ([(27, 3)], 2, 0), ([(4, 7)], 2, 0), ([(8, 11)], 2, 0), ([(12, 15)], 2, 0)], [[1, 0, 17], [2, 0, 16], [3, 0, -7], [4, 0, -8], [5, 0, 14], [6, 0, 13], [7, 0, -10], [8, 0, -11], [9, 0, 11], [10, 0, 10], [11, 0, -13], [12, 0, -14], [13, 0, 8], [14, 0, 7], [15, 0, -16], [16, 0, -17], [17, 0, 5], [18, 0, 4], [19, 0, 3], [20, 0, 2], [21, 0, 1], [22, 0, 0], [23, 0, -1], [24, 0, -2], [25, 0, -3], [26, 0, -4], [27, 0, -5]]]
Endpoints of w-disk: 15, 16

[27, 1, 18, 7]
{21: 1, 20: 1, 17: 1, 16: 1, 14: 1, 13: 1, 11: 1, 10: 1, 8: 1, 7: 1, 5: 1, 4: 1, 2: 1, 0: 1, -2: 1, -4: 1, -5: 1, -7: 1, -8: 1, -10: 1, -11: 1, -13: 1, -14: 1, -16: 1, -17: 1, -20: 1, -21: 1}
[[([(1, 2)], 1, 0), ([(22, 23)], 1, 0), ([(18, 19)], 1, 0), ([(14, 15)], 1, 0), ([(10, 11)], 1, 0), ([(6, 7)], 1, 0), ([(27, 3)], 2, 0), ([(21, 24)], 2, 0), ([(17, 20)], 2, 0), ([(13, 16)], 2, 0), ([(9, 12)], 2, 0), ([(5, 8)], 2, 0), ([(26, 4)], 3, 0)], [[1, 0, -20], [2, 0, -21], [3, 0, -2], [4, 0, 17], [5, 0, 16], [6, 0, -4], [7, 0, -5], [8, 0, 14], [9, 0, 13], [10, 0, -7], [11, 0, -8], [12, 0, 11], [13, 0, 10], [14, 0, -10], [15, 0, -11], [16, 0, 8], [17, 0, 7], [18, 0, -13], [19, 0, -14], [20, 0, 5], [21, 0, 4], [22, 0, -16], [23, 0, -17], [24, 0, 2], [25, 0, 21], [26, 0, 20], [27, 0, 0]]]
Endpoints of w-disk: 25, 26

[27, 1, 19, 16]
{49: 1, 48: 1, 41: 1, 40: 1, 34: 1, 32: 1, 26: 1, 24: 1, 19: 1, 16: 1, 11: 1, 8: 1, 4: 1, 0: 1, -4: 1, -8: 1, -11: 1, -16: 1, -19: 1, -24: 1, -26: 1, -32: 1, -34: 1, -40: 1, -41: 1, -48: 1, -49: 1}
[[([(1, 2)], 1, 0), ([(15, 16)], 1, 0), ([(27, 3)], 2, 0), ([(14, 17)], 2, 0), ([(26, 4)], 3, 0), ([(13, 18)], 3, 0), ([(25, 5)], 4, 0), ([(12, 19)], 4, 0), ([(24, 6)], 5, 0), ([(11, 20)], 5, 0), ([(23, 7)], 6, 0), ([(10, 21)], 6, 0), ([(22, 8)], 7, 0)], [[1, 0, 49], [2, 0, 48], [3, 0, 32], [4, 0, 16], [5, 0, 0], [6, 0, -16], [7, 0, -32], [8, 0, -48], [9, 0, -49], [10, 0, -34], [11, 0, -19], [12, 0, -4], [13, 0, 11], [14, 0, 26], [15, 0, 41], [16, 0, 40], [17, 0, 24], [18, 0, 8], [19, 0, -8], [20, 0, -24], [21, 0, -40], [22, 0, -41], [23, 0, -26], [24, 0, -11], [25, 0, 4], [26, 0, 19], [27, 0, 34]]]
Endpoints of w-disk: 8, 9

[27, 1, 19, 24]
{24: 1, 23: 1, 20: 1, 19: 1, 16: 1, 15: 1, 12: 1, 11: 1, 9: 1, 8: 1, 6: 1, 4: 1, 2: 1, 0: 1, -2: 1, -4: 1, -6: 1, -8: 1, -9: 1, -11: 1, -12: 1, -15: 1, -16: 1, -19: 1, -20: 1, -23: 1, -24: 1}
[[([(1, 2)], 1, 0), ([(7, 8)], 1, 0), ([(13, 14)], 1, 0), ([(19, 20)], 1, 0), ([(23, 24)], 1, 0), ([(27, 3)], 2, 0), ([(6, 9)], 2, 0), ([(12, 15)], 2, 0), ([(18, 21)], 2, 0), ([(22, 25)], 2, 0), ([(26, 4)], 3, 0), ([(5, 10)], 3, 0), ([(11, 16)], 3, 0)], [[1, 0, 24], [2, 0, 23], [3, 0, 4], [4, 0, -15], [5, 0, -16], [6, 0, 2], [7, 0, 20], [8, 0, 19], [9, 0, 0], [10, 0, -19], [11, 0, -20], [12, 0, -2], [13, 0, 16], [14, 0, 15], [15, 0, -4], [16, 0, -23], [17, 0, -24], [18, 0, -6], [19, 0, 12], [20, 0, 11], [21, 0, -8], [22, 0, -9], [23, 0, 9], [24, 0, 8], [25, 0, -11], [26, 0, -12], [27, 0, 6]]]
Endpoints of w-disk: 16, 17

[27, 1, 20, 26]
{18: 1, 17: 1, 15: 1, 14: 1, 12: 1, 11: 1, 9: 1, 8: 1, 6: 1, 5: 1, 3: 1, 2: 1, 1: 1, 0: 1, -1: 1, -2: 1, -3: 1, -5: 1, -6: 1, -8: 1, -9: 1, -11: 1, -12: 1, -14: 1, -15: 1, -17: 1, -18: 1}
[[([(1, 2)], 1, 0), ([(5, 6)], 1, 0), ([(9, 10)], 1, 0), ([(13, 14)], 1, 0), ([(17, 18)], 1, 0), ([(21, 22)], 1, 0), ([(23, 24)], 1, 0), ([(25, 26)], 1, 0), ([(27, 3)], 2, 0), ([(4, 7)], 2, 0), ([(8, 11)], 2, 0), ([(12, 15)], 2, 0), ([(16, 19)], 2, 0)], [[1, 0, 18], [2, 0, 17], [3, 0, -5], [4, 0, -6], [5, 0, 15], [6, 0, 14], [7, 0, -8], [8, 0, -9], [9, 0, 12], [10, 0, 11], [11, 0, -11], [12, 0, -12], [13, 0, 9], [14, 0, 8], [15, 0, -14], [16, 0, -15], [17, 0, 6], [18, 0, 5], [19, 0, -17], [20, 0, -18], [21, 0, 3], [22, 0, 2], [23, 0, 1], [24, 0, 0], [25, 0, -1], [26, 0, -2], [27, 0, -3]]]
Endpoints of w-disk: 19, 20

[27, 1, 21, 5]
{14: 1, 13: 1, 11: 1, 10: 1, 9: 1, 8: 1, 7: 1, 6: 1, 5: 1, 4: 1, 3: 1, 2: 1, 1: 1, 0: 1, -1: 1, -2: 1, -3: 1, -4: 1, -5: 1, -6: 1, -7: 1, -8: 1, -9: 1, -10: 1, -11: 1, -13: 1, -14: 1}
[[([(1, 2)], 1, 0), ([(24, 25)], 1, 0), ([(22, 23)], 1, 0), ([(20, 21)], 1, 0), ([(18, 19)], 1, 0), ([(16, 17)], 1, 0), ([(14, 15)], 1, 0), ([(12, 13)], 1, 0), ([(10, 11)], 1, 0), ([(8, 9)], 1, 0), ([(6, 7)], 1, 0), ([(4, 5)], 1, 0), ([(27, 3)], 2, 0)], [[1, 0, -13], [2, 0, -14], [3, 0, 11], [4, 0, 10], [5, 0, 9], [6, 0, 8], [7, 0, 7], [8, 0, 6], [9, 0, 5], [10, 0, 4], [11, 0, 3], [12, 0, 2], [13, 0, 1], [14, 0, 0], [15, 0, -1], [16, 0, -2], [17, 0, -3], [18, 0, -4], [19, 0, -5], [20, 0, -6], [21, 0, -7], [22, 0, -8], [23, 0, -9], [24, 0, -10], [25, 0, -11], [26, 0, 14], [27, 0, 13]]]
Endpoints of w-disk: 26, 27

[27, 1, 24, 26]
{19: 1, 18: 1, 16: 1, 15: 1, 13: 1, 12: 1, 10: 1, 9: 1, 7: 1, 6: 1, 4: 1, 3: 1, 1: 1, 0: 1, -1: 1, -3: 1, -4: 1, -6: 1, -7: 1, -9: 1, -10: 1, -12: 1, -13: 1, -15: 1, -16: 1, -18: 1, -19: 1}
[[([(1, 2)], 1, 0), ([(5, 6)], 1, 0), ([(9, 10)], 1, 0), ([(13, 14)], 1, 0), ([(17, 18)], 1, 0), ([(21, 22)], 1, 0), ([(25, 26)], 1, 0), ([(27, 3)], 2, 0), ([(4, 7)], 2, 0), ([(8, 11)], 2, 0), ([(12, 15)], 2, 0), ([(16, 19)], 2, 0), ([(20, 23)], 2, 0)], [[1, 0, 19], [2, 0, 18], [3, 0, -3], [4, 0, -4], [5, 0, 16], [6, 0, 15], [7, 0, -6], [8, 0, -7], [9, 0, 13], [10, 0, 12], [11, 0, -9], [12, 0, -10], [13, 0, 10], [14, 0, 9], [15, 0, -12], [16, 0, -13], [17, 0, 7], [18, 0, 6], [19, 0, -15], [20, 0, -16], [21, 0, 4], [22, 0, 3], [23, 0, -18], [24, 0, -19], [25, 0, 1], [26, 0, 0], [27, 0, -1]]]
Endpoints of w-disk: 23, 24

[27, 1, 25, 1]
{13: 1, 12: 1, 11: 1, 10: 1, 9: 1, 8: 1, 7: 1, 6: 1, 5: 1, 4: 1, 3: 1, 2: 1, 1: 1, 0: 1, -1: 1, -2: 1, -3: 1, -4: 1, -5: 1, -6: 1, -7: 1, -8: 1, -9: 1, -10: 1, -11: 1, -12: 1, -13: 1}
[[([(1, 2)], 1, 0), ([(3, 4)], 1, 0), ([(5, 6)], 1, 0), ([(7, 8)], 1, 0), ([(9, 10)], 1, 0), ([(11, 12)], 1, 0), ([(13, 14)], 1, 0), ([(15, 16)], 1, 0), ([(17, 18)], 1, 0), ([(19, 20)], 1, 0), ([(21, 22)], 1, 0), ([(23, 24)], 1, 0), ([(25, 26)], 1, 0)], [[1, 0, 13], [2, 0, 12], [3, 0, 11], [4, 0, 10], [5, 0, 9], [6, 0, 8], [7, 0, 7], [8, 0, 6], [9, 0, 5], [10, 0, 4], [11, 0, 3], [12, 0, 2], [13, 0, 1], [14, 0, 0], [15, 0, -1], [16, 0, -2], [17, 0, -3], [18, 0, -4], [19, 0, -5], [20, 0, -6], [21, 0, -7], [22, 0, -8], [23, 0, -9], [24, 0, -10], [25, 0, -11], [26, 0, -12], [27, 0, -13]]]
Endpoints of w-disk: 26, 27

[27, 1, 25, 5]
{13: 1, 12: 1, 11: 1, 10: 1, 9: 1, 8: 1, 7: 1, 6: 1, 5: 1, 4: 1, 3: 1, 2: 1, 1: 1, 0: 1, -1: 1, -2: 1, -3: 1, -4: 1, -5: 1, -6: 1, -7: 1, -8: 1, -9: 1, -10: 1, -11: 1, -12: 1, -13: 1}
[[([(1, 2)], 1, 0), ([(26, 27)], 1, 0), ([(24, 25)], 1, 0), ([(22, 23)], 1, 0), ([(20, 21)], 1, 0), ([(18, 19)], 1, 0), ([(16, 17)], 1, 0), ([(14, 15)], 1, 0), ([(12, 13)], 1, 0), ([(10, 11)], 1, 0), ([(8, 9)], 1, 0), ([(6, 7)], 1, 0), ([(4, 5)], 1, 0)], [[1, 0, -12], [2, 0, -13], [3, 0, 13], [4, 0, 12], [5, 0, 11], [6, 0, 10], [7, 0, 9], [8, 0, 8], [9, 0, 7], [10, 0, 6], [11, 0, 5], [12, 0, 4], [13, 0, 3], [14, 0, 2], [15, 0, 1], [16, 0, 0], [17, 0, -1], [18, 0, -2], [19, 0, -3], [20, 0, -4], [21, 0, -5], [22, 0, -6], [23, 0, -7], [24, 0, -8], [25, 0, -9], [26, 0, -10], [27, 0, -11]]]
Endpoints of w-disk: 3, 4

[29, 1, 0, 28]
{14: 1, 13: 1, 12: 1, 11: 1, 10: 1, 9: 1, 8: 1, 7: 1, 6: 1, 5: 1, 4: 1, 3: 1, 2: 1, 1: 1, 0: 1, -1: 1, -2: 1, -3: 1, -4: 1, -5: 1, -6: 1, -7: 1, -8: 1, -9: 1, -10: 1, -11: 1, -12: 1, -13: 1, -14: 1}
[[([(1, 2)], 1, 0), ([(3, 4)], 1, 0), ([(5, 6)], 1, 0), ([(7, 8)], 1, 0), ([(9, 10)], 1, 0), ([(11, 12)], 1, 0), ([(13, 14)], 1, 0), ([(15, 16)], 1, 0), ([(17, 18)], 1, 0), ([(19, 20)], 1, 0), ([(21, 22)], 1, 0), ([(23, 24)], 1, 0), ([(25, 26)], 1, 0), ([(27, 28)], 1, 0)], [[1, 0, 14], [2, 0, 13], [3, 0, 12], [4, 0, 11], [5, 0, 10], [6, 0, 9], [7, 0, 8], [8, 0, 7], [9, 0, 6], [10, 0, 5], [11, 0, 4], [12, 0, 3], [13, 0, 2], [14, 0, 1], [15, 0, 0], [16, 0, -1], [17, 0, -2], [18, 0, -3], [19, 0, -4], [20, 0, -5], [21, 0, -6], [22, 0, -7], [23, 0, -8], [24, 0, -9], [25, 0, -10], [26, 0, -11], [27, 0, -12], [28, 0, -13], [29, 0, -14]]]
Endpoints of w-disk: 28, 29

[29, 1, 1, 26]
{21: 1, 20: 1, 18: 1, 17: 1, 15: 1, 14: 1, 12: 1, 11: 1, 9: 1, 8: 1, 6: 1, 5: 1, 3: 1, 2: 1, 0: 1, -2: 1, -3: 1, -5: 1, -6: 1, -8: 1, -9: 1, -11: 1, -12: 1, -14: 1, -15: 1, -17: 1, -18: 1, -20: 1, -21: 1}
[[([(1, 2)], 1, 0), ([(5, 6)], 1, 0), ([(9, 10)], 1, 0), ([(13, 14)], 1, 0), ([(17, 18)], 1, 0), ([(21, 22)], 1, 0), ([(25, 26)], 1, 0), ([(29, 3)], 2, 0), ([(4, 7)], 2, 0), ([(8, 11)], 2, 0), ([(12, 15)], 2, 0), ([(16, 19)], 2, 0), ([(20, 23)], 2, 0), ([(24, 27)], 2, 0)], [[1, 0, 21], [2, 0, 20], [3, 0, -2], [4, 0, -3], [5, 0, 18], [6, 0, 17], [7, 0, -5], [8, 0, -6], [9, 0, 15], [10, 0, 14], [11, 0, -8], [12, 0, -9], [13, 0, 12], [14, 0, 11], [15, 0, -11], [16, 0, -12], [17, 0, 9], [18, 0, 8], [19, 0, -14], [20, 0, -15], [21, 0, 6], [22, 0, 5], [23, 0, -17], [24, 0, -18], [25, 0, 3], [26, 0, 2], [27, 0, -20], [28, 0, -21], [29, 0, 0]]]
Endpoints of w-disk: 27, 28

[29, 1, 4, 28]
{15: 1, 14: 1, 12: 1, 11: 1, 10: 1, 9: 1, 8: 1, 7: 1, 6: 1, 5: 1, 4: 1, 3: 1, 2: 1, 1: 1, 0: 1, -1: 1, -2: 1, -3: 1, -4: 1, -5: 1, -6: 1, -7: 1, -8: 1, -9: 1, -10: 1, -11: 1, -12: 1, -14: 1, -15: 1}
[[([(1, 2)], 1, 0), ([(5, 6)], 1, 0), ([(7, 8)], 1, 0), ([(9, 10)], 1, 0), ([(11, 12)], 1, 0), ([(13, 14)], 1, 0), ([(15, 16)], 1, 0), ([(17, 18)], 1, 0), ([(19, 20)], 1, 0), ([(21, 22)], 1, 0), ([(23, 24)], 1, 0), ([(25, 26)], 1, 0), ([(27, 28)], 1, 0), ([(29, 3)], 2, 0)], [[1, 0, 15], [2, 0, 14], [3, 0, -14], [4, 0, -15], [5, 0, 12], [6, 0, 11], [7, 0, 10], [8, 0, 9], [9, 0, 8], [10, 0, 7], [11, 0, 6], [12, 0, 5], [13, 0, 4], [14, 0, 3], [15, 0, 2], [16, 0, 1], [17, 0, 0], [18, 0, -1], [19, 0, -2], [20, 0, -3], [21, 0, -4], [22, 0, -5], [23, 0, -6], [24, 0, -7], [25, 0, -8], [26, 0, -9], [27, 0, -10], [28, 0, -11], [29, 0, -12]]]
Endpoints of w-disk: 3, 4

[29, 1, 8, 28]
{16: 1, 15: 1, 13: 1, 12: 1, 10: 1, 9: 1, 8: 1, 7: 1, 6: 1, 5: 1, 4: 1, 3: 1, 2: 1, 1: 1, 0: 1, -1: 1, -2: 1, -3: 1, -4: 1, -5: 1, -6: 1, -7: 1, -8: 1, -9: 1, -10: 1, -12: 1, -13: 1, -15: 1, -16: 1}
[[([(1, 2)], 1, 0), ([(5, 6)], 1, 0), ([(9, 10)], 1, 0), ([(11, 12)], 1, 0), ([(13, 14)], 1, 0), ([(15, 16)], 1, 0), ([(17, 18)], 1, 0), ([(19, 20)], 1, 0), ([(21, 22)], 1, 0), ([(23, 24)], 1, 0), ([(25, 26)], 1, 0), ([(27, 28)], 1, 0), ([(29, 3)], 2, 0), ([(4, 7)], 2, 0)], [[1, 0, 16], [2, 0, 15], [3, 0, -12], [4, 0, -13], [5, 0, 13], [6, 0, 12], [7, 0, -15], [8, 0, -16], [9, 0, 10], [10, 0, 9], [11, 0, 8], [12, 0, 7], [13, 0, 6], [14, 0, 5], [15, 0, 4], [16, 0, 3], [17, 0, 2], [18, 0, 1], [19, 0, 0], [20, 0, -1], [21, 0, -2], [22, 0, -3], [23, 0, -4], [24, 0, -5], [25, 0, -6], [26, 0, -7], [27, 0, -8], [28, 0, -9], [29, 0, -10]]]
Endpoints of w-disk: 7, 8

[29, 1, 12, 28]
{17: 1, 16: 1, 14: 1, 13: 1, 11: 1, 10: 1, 8: 1, 7: 1, 6: 1, 5: 1, 4: 1, 3: 1, 2: 1, 1: 1, 0: 1, -1: 1, -2: 1, -3: 1, -4: 1, -5: 1, -6: 1, -7: 1, -8: 1, -10: 1, -11: 1, -13: 1, -14: 1, -16: 1, -17: 1}
[[([(1, 2)], 1, 0), ([(5, 6)], 1, 0), ([(9, 10)], 1, 0), ([(13, 14)], 1, 0), ([(15, 16)], 1, 0), ([(17, 18)], 1, 0), ([(19, 20)], 1, 0), ([(21, 22)], 1, 0), ([(23, 24)], 1, 0), ([(25, 26)], 1, 0), ([(27, 28)], 1, 0), ([(29, 3)], 2, 0), ([(4, 7)], 2, 0), ([(8, 11)], 2, 0)], [[1, 0, 17], [2, 0, 16], [3, 0, -10], [4, 0, -11], [5, 0, 14], [6, 0, 13], [7, 0, -13], [8, 0, -14], [9, 0, 11], [10, 0, 10], [11, 0, -16], [12, 0, -17], [13, 0, 8], [14, 0, 7], [15, 0, 6], [16, 0, 5], [17, 0, 4], [18, 0, 3], [19, 0, 2], [20, 0, 1], [21, 0, 0], [22, 0, -1], [23, 0, -2], [24, 0, -3], [25, 0, -4], [26, 0, -5], [27, 0, -6], [28, 0, -7], [29, 0, -8]]]
Endpoints of w-disk: 11, 12

[29, 1, 13, 26]
{24: 1, 23: 1, 20: 1, 19: 1, 16: 1, 15: 1, 13: 1, 12: 1, 10: 1, 9: 1, 7: 1, 6: 1, 4: 1, 2: 1, 0: 1, -2: 1, -4: 1, -6: 1, -7: 1, -9: 1, -10: 1, -12: 1, -13: 1, -15: 1, -16: 1, -19: 1, -20: 1, -23: 1, -24: 1}
[[([(1, 2)], 1, 0), ([(7, 8)], 1, 0), ([(13, 14)], 1, 0), ([(17, 18)], 1, 0), ([(21, 22)], 1, 0), ([(25, 26)], 1, 0), ([(29, 3)], 2, 0), ([(6, 9)], 2, 0), ([(12, 15)], 2, 0), ([(16, 19)], 2, 0), ([(20, 23)], 2, 0), ([(24, 27)], 2, 0), ([(28, 4)], 3, 0), ([(5, 10)], 3, 0)], [[1, 0, 24], [2, 0, 23], [3, 0, 2], [4, 0, -19], [5, 0, -20], [6, 0, 0], [7, 0, 20], [8, 0, 19], [9, 0, -2], [10, 0, -23], [11, 0, -24], [12, 0, -4], [13, 0, 16], [14, 0, 15], [15, 0, -6], [16, 0, -7], [17, 0, 13], [18, 0, 12], [19, 0, -9], [20, 0, -10], [21, 0, 10], [22, 0, 9], [23, 0, -12], [24, 0, -13], [25, 0, 7], [26, 0, 6], [27, 0, -15], [28, 0, -16], [29, 0, 4]]]
Endpoints of w-disk: 10, 11

[29, 1, 16, 28]
{18: 1, 17: 1, 15: 1, 14: 1, 12: 1, 11: 1, 9: 1, 8: 1, 6: 1, 5: 1, 4: 1, 3: 1, 2: 1, 1: 1, 0: 1, -1: 1, -2: 1, -3: 1, -4: 1, -5: 1, -6: 1, -8: 1, -9: 1, -11: 1, -12: 1, -14: 1, -15: 1, -17: 1, -18: 1}
[[([(1, 2)], 1, 0), ([(5, 6)], 1, 0), ([(9, 10)], 1, 0), ([(13, 14)], 1, 0), ([(17, 18)], 1, 0), ([(19, 20)], 1, 0), ([(21, 22)], 1, 0), ([(23, 24)], 1, 0), ([(25, 26)], 1, 0), ([(27, 28)], 1, 0), ([(29, 3)], 2, 0), ([(4, 7)], 2, 0), ([(8, 11)], 2, 0), ([(12, 15)], 2, 0)], [[1, 0, 18], [2, 0, 17], [3, 0, -8], [4, 0, -9], [5, 0, 15], [6, 0, 14], [7, 0, -11], [8, 0, -12], [9, 0, 12], [10, 0, 11], [11, 0, -14], [12, 0, -15], [13, 0, 9], [14, 0, 8], [15, 0, -17], [16, 0, -18], [17, 0, 6], [18, 0, 5], [19, 0, 4], [20, 0, 3], [21, 0, 2], [22, 0, 1], [23, 0, 0], [24, 0, -1], [25, 0, -2], [26, 0, -3], [27, 0, -4], [28, 0, -5], [29, 0, -6]]]
Endpoints of w-disk: 15, 16

[29, 1, 18, 24]
{32: 1, 31: 1, 27: 1, 26: 1, 22: 1, 21: 1, 18: 1, 17: 1, 14: 1, 12: 1, 9: 1, 7: 1, 4: 1, 2: 1, 0: 1, -2: 1, -4: 1, -7: 1, -9: 1, -12: 1, -14: 1, -17: 1, -18: 1, -21: 1, -22: 1, -26: 1, -27: 1, -31: 1, -32: 1}
[[([(1, 2)], 1, 0), ([(9, 10)], 1, 0), ([(17, 18)], 1, 0), ([(23, 24)], 1, 0), ([(29, 3)], 2, 0), ([(8, 11)], 2, 0), ([(16, 19)], 2, 0), ([(22, 25)], 2, 0), ([(28, 4)], 3, 0), ([(7, 12)], 3, 0), ([(15, 20)], 3, 0), ([(21, 26)], 3, 0), ([(27, 5)], 4, 0), ([(6, 13)], 4, 0)], [[1, 0, 32], [2, 0, 31], [3, 0, 12], [4, 0, -7], [5, 0, -26], [6, 0, -27], [7, 0, -9], [8, 0, 9], [9, 0, 27], [10, 0, 26], [11, 0, 7], [12, 0, -12], [13, 0, -31], [14, 0, -32], [15, 0, -14], [16, 0, 4], [17, 0, 22], [18, 0, 21], [19, 0, 2], [20, 0, -17], [21, 0, -18], [22, 0, 0], [23, 0, 18], [24, 0, 17], [25, 0, -2], [26, 0, -21], [27, 0, -22], [28, 0, -4], [29, 0, 14]]]
Endpoints of w-disk: 13, 14

[29, 1, 20, 28]
{19: 1, 18: 1, 16: 1, 15: 1, 13: 1, 12: 1, 10: 1, 9: 1, 7: 1, 6: 1, 4: 1, 3: 1, 2: 1, 1: 1, 0: 1, -1: 1, -2: 1, -3: 1, -4: 1, -6: 1, -7: 1, -9: 1, -10: 1, -12: 1, -13: 1, -15: 1, -16: 1, -18: 1, -19: 1}
[[([(1, 2)], 1, 0), ([(5, 6)], 1, 0), ([(9, 10)], 1, 0), ([(13, 14)], 1, 0), ([(17, 18)], 1, 0), ([(21, 22)], 1, 0), ([(23, 24)], 1, 0), ([(25, 26)], 1, 0), ([(27, 28)], 1, 0), ([(29, 3)], 2, 0), ([(4, 7)], 2, 0), ([(8, 11)], 2, 0), ([(12, 15)], 2, 0), ([(16, 19)], 2, 0)], [[1, 0, 19], [2, 0, 18], [3, 0, -6], [4, 0, -7], [5, 0, 16], [6, 0, 15], [7, 0, -9], [8, 0, -10], [9, 0, 13], [10, 0, 12], [11, 0, -12], [12, 0, -13], [13, 0, 10], [14, 0, 9], [15, 0, -15], [16, 0, -16], [17, 0, 7], [18, 0, 6], [19, 0, -18], [20, 0, -19], [21, 0, 4], [22, 0, 3], [23, 0, 2], [24, 0, 1], [25, 0, 0], [26, 0, -1], [27, 0, -2], [28, 0, -3], [29, 0, -4]]]
Endpoints of w-disk: 19, 20

[29, 1, 21, 17]
{56: 1, 55: 1, 48: 1, 47: 1, 40: 1, 38: 1, 32: 1, 30: 1, 24: 1, 21: 1, 16: 1, 13: 1, 8: 1, 4: 1, 0: 1, -4: 1, -8: 1, -13: 1, -16: 1, -21: 1, -24: 1, -30: 1, -32: 1, -38: 1, -40: 1, -47: 1, -48: 1, -55: 1, -56: 1}
[[([(1, 2)], 1, 0), ([(16, 17)], 1, 0), ([(29, 3)], 2, 0), ([(15, 18)], 2, 0), ([(28, 4)], 3, 0), ([(14, 19)], 3, 0), ([(27, 5)], 4, 0), ([(13, 20)], 4, 0), ([(26, 6)], 5, 0), ([(12, 21)], 5, 0), ([(25, 7)], 6, 0), ([(11, 22)], 6, 0), ([(24, 8)], 7, 0), ([(10, 23)], 7, 0)], [[1, 0, -55], [2, 0, -56], [3, 0, -40], [4, 0, -24], [5, 0, -8], [6, 0, 8], [7, 0, 24], [8, 0, 40], [9, 0, 56], [10, 0, 55], [11, 0, 38], [12, 0, 21], [13, 0, 4], [14, 0, -13], [15, 0, -30], [16, 0, -47], [17, 0, -48], [18, 0, -32], [19, 0, -16], [20, 0, 0], [21, 0, 16], [22, 0, 32], [23, 0, 48], [24, 0, 47], [25, 0, 30], [26, 0, 13], [27, 0, -4], [28, 0, -21], [29, 0, -38]]]
Endpoints of w-disk: 9, 10

[29, 1, 23, 5]
{15: 1, 14: 1, 12: 1, 11: 1, 10: 1, 9: 1, 8: 1, 7: 1, 6: 1, 5: 1, 4: 1, 3: 1, 2: 1, 1: 1, 0: 1, -1: 1, -2: 1, -3: 1, -4: 1, -5: 1, -6: 1, -7: 1, -8: 1, -9: 1, -10: 1, -11: 1, -12: 1, -14: 1, -15: 1}
[[([(1, 2)], 1, 0), ([(26, 27)], 1, 0), ([(24, 25)], 1, 0), ([(22, 23)], 1, 0), ([(20, 21)], 1, 0), ([(18, 19)], 1, 0), ([(16, 17)], 1, 0), ([(14, 15)], 1, 0), ([(12, 13)], 1, 0), ([(10, 11)], 1, 0), ([(8, 9)], 1, 0), ([(6, 7)], 1, 0), ([(4, 5)], 1, 0), ([(29, 3)], 2, 0)], [[1, 0, -14], [2, 0, -15], [3, 0, 12], [4, 0, 11], [5, 0, 10], [6, 0, 9], [7, 0, 8], [8, 0, 7], [9, 0, 6], [10, 0, 5], [11, 0, 4], [12, 0, 3], [13, 0, 2], [14, 0, 1], [15, 0, 0], [16, 0, -1], [17, 0, -2], [18, 0, -3], [19, 0, -4], [20, 0, -5], [21, 0, -6], [22, 0, -7], [23, 0, -8], [24, 0, -9], [25, 0, -10], [26, 0, -11], [27, 0, -12], [28, 0, 15], [29, 0, 14]]]
Endpoints of w-disk: 28, 29

[29, 1, 23, 22]
{40: 1, 39: 1, 34: 1, 33: 1, 28: 1, 27: 1, 23: 1, 21: 1, 17: 1, 15: 1, 11: 1, 9: 1, 6: 1, 3: 1, 0: 1, -3: 1, -6: 1, -9: 1, -11: 1, -15: 1, -17: 1, -21: 1, -23: 1, -27: 1, -28: 1, -33: 1, -34: 1, -39: 1, -40: 1}
[[([(1, 2)], 1, 0), ([(11, 12)], 1, 0), ([(21, 22)], 1, 0), ([(29, 3)], 2, 0), ([(10, 13)], 2, 0), ([(20, 23)], 2, 0), ([(28, 4)], 3, 0), ([(9, 14)], 3, 0), ([(19, 24)], 3, 0), ([(27, 5)], 4, 0), ([(8, 15)], 4, 0), ([(18, 25)], 4, 0), ([(26, 6)], 5, 0), ([(7, 16)], 5, 0)], [[1, 0, 40], [2, 0, 39], [3, 0, 21], [4, 0, 3], [5, 0, -15], [6, 0, -33], [7, 0, -34], [8, 0, -17], [9, 0, 0], [10, 0, 17], [11, 0, 34], [12, 0, 33], [13, 0, 15], [14, 0, -3], [15, 0, -21], [16, 0, -39], [17, 0, -40], [18, 0, -23], [19, 0, -6], [20, 0, 11], [21, 0, 28], [22, 0, 27], [23, 0, 9], [24, 0, -9], [25, 0, -27], [26, 0, -28], [27, 0, -11], [28, 0, 6], [29, 0, 23]]]
Endpoints of w-disk: 16, 17

[29, 1, 24, 28]
{20: 1, 19: 1, 17: 1, 16: 1, 14: 1, 13: 1, 11: 1, 10: 1, 8: 1, 7: 1, 5: 1, 4: 1, 2: 1, 1: 1, 0: 1, -1: 1, -2: 1, -4: 1, -5: 1, -7: 1, -8: 1, -10: 1, -11: 1, -13: 1, -14: 1, -16: 1, -17: 1, -19: 1, -20: 1}
[[([(1, 2)], 1, 0), ([(5, 6)], 1, 0), ([(9, 10)], 1, 0), ([(13, 14)], 1, 0), ([(17, 18)], 1, 0), ([(21, 22)], 1, 0), ([(25, 26)], 1, 0), ([(27, 28)], 1, 0), ([(29, 3)], 2, 0), ([(4, 7)], 2, 0), ([(8, 11)], 2, 0), ([(12, 15)], 2, 0), ([(16, 19)], 2, 0), ([(20, 23)], 2, 0)], [[1, 0, 20], [2, 0, 19], [3, 0, -4], [4, 0, -5], [5, 0, 17], [6, 0, 16], [7, 0, -7], [8, 0, -8], [9, 0, 14], [10, 0, 13], [11, 0, -10], [12, 0, -11], [13, 0, 11], [14, 0, 10], [15, 0, -13], [16, 0, -14], [17, 0, 8], [18, 0, 7], [19, 0, -16], [20, 0, -17], [21, 0, 5], [22, 0, 4], [23, 0, -19], [24, 0, -20], [25, 0, 2], [26, 0, 1], [27, 0, 0], [28, 0, -1], [29, 0, -2]]]
Endpoints of w-disk: 23, 24

[29, 1, 25, 26]
{27: 1, 26: 1, 23: 1, 22: 1, 19: 1, 18: 1, 15: 1, 14: 1, 11: 1, 10: 1, 8: 1, 6: 1, 4: 1, 2: 1, 0: 1, -2: 1, -4: 1, -6: 1, -8: 1, -10: 1, -11: 1, -14: 1, -15: 1, -18: 1, -19: 1, -22: 1, -23: 1, -26: 1, -27: 1}
[[([(1, 2)], 1, 0), ([(7, 8)], 1, 0), ([(13, 14)], 1, 0), ([(19, 20)], 1, 0), ([(25, 26)], 1, 0), ([(29, 3)], 2, 0), ([(6, 9)], 2, 0), ([(12, 15)], 2, 0), ([(18, 21)], 2, 0), ([(24, 27)], 2, 0), ([(28, 4)], 3, 0), ([(5, 10)], 3, 0), ([(11, 16)], 3, 0), ([(17, 22)], 3, 0)], [[1, 0, 27], [2, 0, 26], [3, 0, 6], [4, 0, -14], [5, 0, -15], [6, 0, 4], [7, 0, 23], [8, 0, 22], [9, 0, 2], [10, 0, -18], [11, 0, -19], [12, 0, 0], [13, 0, 19], [14, 0, 18], [15, 0, -2], [16, 0, -22], [17, 0, -23], [18, 0, -4], [19, 0, 15], [20, 0, 14], [21, 0, -6], [22, 0, -26], [23, 0, -27], [24, 0, -8], [25, 0, 11], [26, 0, 10], [27, 0, -10], [28, 0, -11], [29, 0, 8]]]
Endpoints of w-disk: 22, 23

[29, 1, 26, 7]
{21: 1, 20: 1, 18: 1, 17: 1, 15: 1, 14: 1, 12: 1, 11: 1, 9: 1, 8: 1, 6: 1, 5: 1, 3: 1, 2: 1, 0: 1, -2: 1, -3: 1, -5: 1, -6: 1, -8: 1, -9: 1, -11: 1, -12: 1, -14: 1, -15: 1, -17: 1, -18: 1, -20: 1, -21: 1}
[[([(1, 2)], 1, 0), ([(26, 27)], 1, 0), ([(22, 23)], 1, 0), ([(18, 19)], 1, 0), ([(14, 15)], 1, 0), ([(10, 11)], 1, 0), ([(6, 7)], 1, 0), ([(29, 3)], 2, 0), ([(25, 28)], 2, 0), ([(21, 24)], 2, 0), ([(17, 20)], 2, 0), ([(13, 16)], 2, 0), ([(9, 12)], 2, 0), ([(5, 8)], 2, 0)], [[1, 0, -20], [2, 0, -21], [3, 0, 0], [4, 0, 21], [5, 0, 20], [6, 0, -2], [7, 0, -3], [8, 0, 18], [9, 0, 17], [10, 0, -5], [11, 0, -6], [12, 0, 15], [13, 0, 14], [14, 0, -8], [15, 0, -9], [16, 0, 12], [17, 0, 11], [18, 0, -11], [19, 0, -12], [20, 0, 9], [21, 0, 8], [22, 0, -14], [23, 0, -15], [24, 0, 6], [25, 0, 5], [26, 0, -17], [27, 0, -18], [28, 0, 3], [29, 0, 2]]]
Endpoints of w-disk: 4, 5

[29, 1, 27, 1]
{14: 1, 13: 1, 12: 1, 11: 1, 10: 1, 9: 1, 8: 1, 7: 1, 6: 1, 5: 1, 4: 1, 3: 1, 2: 1, 1: 1, 0: 1, -1: 1, -2: 1, -3: 1, -4: 1, -5: 1, -6: 1, -7: 1, -8: 1, -9: 1, -10: 1, -11: 1, -12: 1, -13: 1, -14: 1}
[[([(1, 2)], 1, 0), ([(3, 4)], 1, 0), ([(5, 6)], 1, 0), ([(7, 8)], 1, 0), ([(9, 10)], 1, 0), ([(11, 12)], 1, 0), ([(13, 14)], 1, 0), ([(15, 16)], 1, 0), ([(17, 18)], 1, 0), ([(19, 20)], 1, 0), ([(21, 22)], 1, 0), ([(23, 24)], 1, 0), ([(25, 26)], 1, 0), ([(27, 28)], 1, 0)], [[1, 0, 14], [2, 0, 13], [3, 0, 12], [4, 0, 11], [5, 0, 10], [6, 0, 9], [7, 0, 8], [8, 0, 7], [9, 0, 6], [10, 0, 5], [11, 0, 4], [12, 0, 3], [13, 0, 2], [14, 0, 1], [15, 0, 0], [16, 0, -1], [17, 0, -2], [18, 0, -3], [19, 0, -4], [20, 0, -5], [21, 0, -6], [22, 0, -7], [23, 0, -8], [24, 0, -9], [25, 0, -10], [26, 0, -11], [27, 0, -12], [28, 0, -13], [29, 0, -14]]]
Endpoints of w-disk: 28, 29

[29, 1, 27, 5]
{14: 1, 13: 1, 12: 1, 11: 1, 10: 1, 9: 1, 8: 1, 7: 1, 6: 1, 5: 1, 4: 1, 3: 1, 2: 1, 1: 1, 0: 1, -1: 1, -2: 1, -3: 1, -4: 1, -5: 1, -6: 1, -7: 1, -8: 1, -9: 1, -10: 1, -11: 1, -12: 1, -13: 1, -14: 1}
[[([(1, 2)], 1, 0), ([(28, 29)], 1, 0), ([(26, 27)], 1, 0), ([(24, 25)], 1, 0), ([(22, 23)], 1, 0), ([(20, 21)], 1, 0), ([(18, 19)], 1, 0), ([(16, 17)], 1, 0), ([(14, 15)], 1, 0), ([(12, 13)], 1, 0), ([(10, 11)], 1, 0), ([(8, 9)], 1, 0), ([(6, 7)], 1, 0), ([(4, 5)], 1, 0)], [[1, 0, -13], [2, 0, -14], [3, 0, 14], [4, 0, 13], [5, 0, 12], [6, 0, 11], [7, 0, 10], [8, 0, 9], [9, 0, 8], [10, 0, 7], [11, 0, 6], [12, 0, 5], [13, 0, 4], [14, 0, 3], [15, 0, 2], [16, 0, 1], [17, 0, 0], [18, 0, -1], [19, 0, -2], [20, 0, -3], [21, 0, -4], [22, 0, -5], [23, 0, -6], [24, 0, -7], [25, 0, -8], [26, 0, -9], [27, 0, -10], [28, 0, -11], [29, 0, -12]]]
Endpoints of w-disk: 3, 4

